1.196352561792132765e+05
1.544175698816630174e+05
1.824720362711675116e+05
1.937470530807906762e+05
1.987605592706523312e+05
1.717897445968764368e+05
1.787587645733757818e+05
1.607163342277440242e+05
1.942446328509789601e+05
1.204394181234332500e+05
1.912806237583968614e+05
9.748497926032777468e+04
9.553071886580348655e+04
1.465799806373780011e+05
1.163331889495494834e+05
3.637794827782536740e+05
2.539128112051340868e+05
2.949737112112731556e+05
3.011454149654623470e+05
4.617721609942300129e+05
3.285226631890712306e+05
2.098148145952032937e+05
1.790056607807940745e+05
1.636332364541644347e+05
1.918969778834795579e+05
1.931529316745446413e+05
3.419935953113407595e+05
2.376237413000780216e+05
1.952449248520586989e+05
2.323997155958584626e+05
1.955206530660802382e+05
9.236798964442286524e+04
1.903171784878971230e+05
3.009453668215173529e+05
2.935118136568260379e+05
2.324765913311491604e+05
1.799044018076335778e+05
1.688837933283275925e+05
1.642686020502473693e+05
1.538508425628742552e+05
1.728044001111740945e+05
1.456863581553131808e+05
2.852629917921824963e+05
2.424935688813574088e+05
2.246776358405572537e+05
1.877704411824433191e+05
2.452920535405379778e+05
2.014896395654698426e+05
1.626751372435475350e+05
1.441422937243810738e+05
1.493315027584708587e+05
1.747641889468765585e+05
1.494418751166276343e+05
1.596394731900384650e+05
1.936996177309388586e+05
1.572969000891803298e+05
1.683413648799924413e+05
1.325946899178055464e+05
2.109123576528771082e+05
1.276278367293378833e+05
1.311042469381578558e+05
1.779789476592036954e+05
1.107741130890673958e+05
1.255341459987840790e+05
1.193752998347309476e+05
1.133720245566699450e+05
1.081395966610596806e+05
1.373524279545957106e+05
1.505630786994556547e+05
1.856836511553890596e+05
1.060633686270176258e+05
9.837740439303861058e+04
1.445350574272632948e+05
1.267723590774897166e+05
1.502972074066982605e+05
1.061425706637689145e+05
6.463388761726396478e+04
1.533766161972326518e+05
1.946030938246740552e+05
9.629291035445280431e+04
1.380021110992965987e+05
1.421109808660696435e+05
1.884428485626717447e+05
8.382909239399511716e+04
1.133379476282542309e+05
1.346429134779545711e+05
1.273689116783097852e+05
1.390809490328907850e+05
1.196942360709544446e+05
1.362771455087142531e+05
1.085186014173270087e+05
1.357988117791048135e+05
1.512763616642435663e+05
1.166302512621854257e+05
1.601322442947920645e+05
8.564705743536392401e+04
1.064777569178943668e+05
9.901495080774999224e+04
6.179769081604562234e+04
1.375273495946895855e+05
1.258121977664439910e+05
1.308093336464289314e+05
1.183370402110436698e+05
1.558487819179461512e+05
1.511473618971491233e+05
2.362947904644735390e+05
7.841893391269371205e+04
2.308077504415360454e+05
1.290512679217688274e+05
1.382983864423117484e+05
1.249578833215274935e+05
1.430699172994121036e+05
2.359591595211423410e+05
1.210408006871809630e+05
2.269734126890521438e+05
2.410616611862041173e+05
1.828374896274435450e+05
1.481341387838781229e+05
1.436901353875670757e+05
1.953400609289959830e+05
1.543189158075376181e+05
1.255371990782017820e+05
2.963715597917365376e+05
2.162993826072172087e+05
1.362932735250027908e+05
6.671563540873589227e+04
1.046849845453277521e+05
1.520770499183911597e+05
9.647246552909583261e+04
1.342956964240851812e+05
9.170802049009440816e+04
1.140676003527543216e+05
1.263235209330738871e+05
1.225336438160228281e+05
1.089793584585519275e+05
2.207469040067683673e+05
1.937460236904478224e+05
2.266473012735001394e+05
1.709099104300151521e+05
1.620984325243760250e+05
6.806527125375917240e+04
1.149584970990751171e+05
7.219145476420866908e+04
2.619030945382444188e+05
2.417576745390951401e+05
1.681508100835774385e+05
1.728760435799869592e+05
2.174673533140525979e+05
1.862422185581244703e+05
1.509959635798865929e+05
1.379378336216431344e+05
1.689949106540113571e+05
1.621505354142417200e+05
1.279272346771744487e+05
9.361464934980073303e+04
7.746428546626235766e+04
9.473652553712988447e+04
1.252698322107445711e+05
1.404014378598970361e+05
1.511432168226387003e+05
1.381195487231680891e+05
1.418585583528686839e+05
2.628733621442605508e+05
2.061789055971039634e+05
1.206495918955378729e+05
1.713896532511184050e+05
1.901038823444579612e+05
2.843937689832403557e+05
1.833047661204160540e+05
3.510513575458972482e+05
2.294785581547227048e+05
2.487433317599899601e+05
1.758197544129361631e+05
1.834377228466871893e+05
1.749320141399900021e+05
1.534997576711896982e+05
1.988000436707488552e+05
1.820676664757797844e+05
1.901624217659418937e+05
2.486018630202927161e+05
1.848734820354593685e+05
2.366515815484666964e+05
2.147227209655050247e+05
2.333046337913041934e+05
1.936307204862287035e+05
1.584509530109307962e+05
1.629269493363903021e+05
1.303226744504277885e+05
1.390607878212375799e+05
1.147890663514827320e+05
1.217227261612659495e+05
9.790126124428692856e+04
9.944923077331125387e+04
1.464285778795075603e+05
1.394601775566091528e+05
1.413484084829340572e+05
1.485002373580621788e+05
1.446426394975116127e+05
1.225277095151451504e+05
1.546186734787342139e+05
4.196220703961758409e+05
4.110334257461521192e+05
3.817452601433463860e+05
4.474316175457508070e+05
3.054155389473189134e+05
3.328190992821871769e+05
3.742037299284989713e+05
3.439345781910923542e+05
3.113546222849523183e+05
3.542168182384016691e+05
2.582633978968459996e+05
4.207618843606786686e+05
2.907374867389880237e+05
2.417005013062807557e+05
1.928892073204065091e+05
1.918420409850207216e+05
2.187549299499571207e+05
4.361763501674751751e+05
3.901670480723180808e+05
3.267880345687610097e+05
2.454166344879267272e+05
3.220488533573630266e+05
1.818284535712539509e+05
1.771202807948871050e+05
1.753880452324302751e+05
1.686271494897490484e+05
1.749689215999183070e+05
1.884798493938348838e+05
1.947870669222385332e+05
1.972506991005356540e+05
1.859539103970779979e+05
2.746439365033346694e+05
1.702548793563416402e+05
1.843347135239494964e+05
1.692196013357444317e+05
2.686801589930108748e+05
1.740579131119404919e+05
3.526392437170150224e+05
3.145110167032418540e+05
2.522314574909410148e+05
2.735709296183881816e+05
2.417224014723867294e+05
2.391642376548275643e+05
2.759017124254829250e+05
2.353058266225594853e+05
3.419420591946824570e+05
2.115341212511556223e+05
2.020204974512798071e+05
2.638979298445647582e+05
2.171529373500974325e+05
2.754569031703002984e+05
2.554847551332166768e+05
2.748712903465228155e+05
2.226989686775978771e+05
2.080678383517185284e+05
1.851520701351556927e+05
1.792486286788613943e+05
1.368412459065364965e+05
2.067744010395927180e+05
2.460863250532651437e+05
1.673579424854707322e+05
1.257451033946020034e+05
1.556550326219545677e+05
2.066584950309883861e+05
2.383139014459550963e+05
1.848502446973393671e+05
1.521571038608290255e+05
1.752699835378908319e+05
1.679772818266690301e+05
1.580647923935233848e+05
1.212156176204813382e+05
1.257061847856231470e+05
1.151102856593155739e+05
1.215817578851624567e+05
1.269364038085061766e+05
1.089397702644562960e+05
3.006085088205516804e+05
2.436218836680359382e+05
2.435649233685280778e+05
2.037922785423700989e+05
1.859641938248303195e+05
1.717747185997428605e+05
1.792045211893434171e+05
3.102268228919368121e+05
2.186905752095477073e+05
1.873636708281838219e+05
2.158014552261284844e+05
2.190978759789069300e+05
1.441367202371574240e+05
1.255630884958236857e+05
2.513446151952664368e+05
1.171694162404098170e+05
1.497640406062654220e+05
1.960847329649222374e+05
1.646348361231296731e+05
1.253656513610079128e+05
1.209253632369726838e+05
1.441175864629180578e+05
1.610210834555557813e+05
1.662785401264597895e+05
1.464538644839375047e+05
1.796422464083567029e+05
1.860787556218897225e+05
1.131354094298050622e+05
1.648583938136085053e+05
1.881243253854058275e+05
2.227995528373424313e+05
1.424706002994652663e+05
1.762109495523620571e+05
1.528483423555324262e+05
1.262004590717016545e+05
1.323269109725579328e+05
1.260713893377167697e+05
1.419664958266409812e+05
1.417760549964358797e+05
1.294448746338746132e+05
1.084338016576617520e+05
1.379666437140315247e+05
1.170318402012914012e+05
1.824630603654949227e+05
1.291169608843060414e+05
8.795241146333812503e+04
1.400474315225839964e+05
1.053115170022869861e+05
1.243514895373767504e+05
1.397220134734696476e+05
1.668974381480636366e+05
5.802924421335774969e+04
1.008299430384643056e+05
7.696577277607333963e+04
1.781305669890229765e+05
1.590259566998034425e+05
1.284763315259561641e+05
1.526575094093536609e+05
1.334599505314551643e+05
1.308510459908602934e+05
1.155541562943396275e+05
1.215710577348754014e+05
1.105707234516466415e+05
1.318173626944784774e+05
1.252700852613773604e+05
1.452073282944799867e+05
1.494054994385121390e+05
1.358985305362649378e+05
1.369731697841915011e+05
1.245304916442771937e+05
1.372353942552415829e+05
1.266315460191672901e+05
1.228277570823602291e+05
1.412612150750211440e+05
9.539909666313121852e+04
9.929091484884214879e+04
1.217408375065931905e+05
9.566366975623772305e+04
5.277036660004960140e+04
9.767746083158426336e+04
1.079101493088003190e+05
1.402760973212327226e+05
1.232854005513428128e+05
5.124712238880513178e+04
1.179986307470267930e+05
1.560445426008297363e+05
4.274140546325867763e+04
1.319984121873995755e+05
1.378517883988214599e+05
1.020891526127367251e+05
1.012849009483052505e+05
1.380075596029563749e+05
1.241420228908272256e+05
1.382900035163890861e+05
1.475197532456201443e+05
7.452637214747208054e+04
1.414997716263762559e+05
1.166088250242064241e+05
1.196700330716637109e+05
1.253189303364371299e+05
8.618266768885852071e+04
1.220260481137648312e+05
9.498149612294061808e+04
1.438131218923253473e+05
1.365527143258239958e+05
8.728314768203240237e+04
1.275960551354653289e+05
1.455805471791285672e+05
1.403296290433590184e+05
1.554703183629696141e+05
1.656068566526283394e+05
5.264695408858311566e+04
1.133158501447737799e+05
1.172463481365358457e+05
1.533263564749408979e+05
1.262496315675227670e+05
1.218468522325905797e+05
1.663250092804593151e+05
1.462969752148922998e+05
2.218860814953633235e+05
1.350837818545977934e+05
1.342052585260128835e+05
1.210294655707342317e+05
1.460880585108912492e+05
1.205045539520757884e+05
3.289799691307912581e+05
3.087006602372148773e+05
3.087698395265577710e+05
3.345894890180674265e+05
3.304301523374961689e+05
2.287944596570246213e+05
2.884591778079260839e+05
2.035649628641625459e+05
2.267009546102232416e+05
2.590205593406541448e+05
1.748454852841585525e+05
2.325457270500723680e+05
1.544438703629410011e+05
2.009723625953768787e+05
1.972626016065179720e+05
2.108083192021661671e+05
2.030082476647479925e+05
1.285039315525111306e+05
1.334329244515091414e+05
2.443536486028939544e+05
2.450312505848109140e+05
1.857984803947987093e+05
2.023321034781943890e+05
2.435852007795468962e+05
2.950704080611806130e+05
2.129485166447761585e+05
2.706829853894346743e+05
1.679071713755134842e+05
1.150648220708979934e+05
1.367192471908445586e+05
9.774573651139186404e+04
1.258012117046126514e+05
1.239384388743682066e+05
1.321413603807101608e+05
1.273959679438206949e+05
1.121159299891623086e+05
1.084165556817124307e+05
1.627729887915973668e+05
1.590253356776834989e+05
1.705466566577387857e+05
1.524668833925086365e+05
2.226951536326256755e+05
1.454443687877730117e+05
2.000580417164332466e+05
1.547710973344385857e+05
2.056432710364249069e+05
1.114994045330597583e+05
1.340627521761706448e+05
1.207253564081661316e+05
2.215413767810679856e+05
3.346541690617150743e+05
1.410542169259502261e+05
5.408899085080737132e+04
2.954762345058938954e+05
6.536931630127919198e+04
2.515712473341946024e+05
1.401762135563883057e+05
1.755870892467169615e+05
1.538965887644777540e+05
3.767084866179788951e+05
3.205901453075483441e+05
2.313020202253003663e+05
2.153027923964500369e+05
1.966612389128174109e+05
3.694482505587744527e+05
1.333054666114773136e+05
1.612777272733513964e+05
1.243067310827210313e+05
1.325598751244910527e+05
1.420901299086737563e+05
1.411057062231225718e+05
1.816916461517760472e+05
1.812888317357143969e+05
1.709990805554145190e+05
1.949724494866288442e+05
1.836943157361696940e+05
1.734512471371270367e+05
2.426969169447975000e+05
1.935337469597960298e+05
1.687405889241964032e+05
1.852020838482474210e+05
2.139456378896797250e+05
3.717108263264064444e+05
4.001142930097781355e+05
1.318618271009558230e+05
2.785145494493586011e+05
1.713803481611194729e+05
2.455655181065323704e+05
1.900862584043345996e+05
2.430480950354355737e+05
2.058337462029568851e+05
1.657203339231146965e+05
1.852579986169285257e+05
1.364008809640791151e+05
3.018747503402791917e+05
1.524270092178217601e+05
3.012557390457242727e+05
1.443066567424530222e+05
1.162904118139229977e+05
1.196156062839654769e+05
9.869539990282329381e+04
1.054329024866226391e+05
1.055440098156107124e+05
1.416070830264947144e+05
1.391604703285614378e+05
2.957278308315132745e+05
4.150860231842068606e+05
3.890773377379484009e+05
4.140793532563964836e+05
4.514440956441236194e+05
3.811181893837179523e+05
2.696232691173547646e+05
3.373340107721305103e+05
5.030387186726281070e+05
2.737425537635952933e+05
3.564499340413791942e+05
3.453965700348084792e+05
3.249731503924535937e+05
2.036091061447892571e+05
3.390001603556032060e+05
2.182625208067250205e+05
2.044084379535571497e+05
1.709259168054483598e+05
2.242517109813995485e+05
2.090114371480942646e+05
1.852845183051185159e+05
1.740732613404076546e+05
1.914412605721473228e+05
2.087975153842319851e+05
2.289037333803803776e+05
2.130626750852315163e+05
1.687919848095073830e+05
2.286600380265730200e+05
1.845962642537057982e+05
2.496013657240168541e+05
3.172031234604192432e+05
3.135704462911168812e+05
2.802119857819916215e+05
3.193375342501675477e+05
2.750210692459366983e+05
2.403948281269931176e+05
2.568790767227657198e+05
2.786532847021404305e+05
2.234856731857644336e+05
2.209891078712596500e+05
2.515111214379472658e+05
2.151613916106885590e+05
1.964258092854202550e+05
1.967680129754574737e+05
1.459867646901054541e+05
1.764569441716439032e+05
1.783710001032516011e+05
1.841223909840027918e+05
2.082914536823497911e+05
1.905565345969551126e+05
1.926374031917105021e+05
1.163947805347127141e+05
1.343248959307277692e+05
1.039969438506876468e+05
1.034990363833707961e+05
1.840540590205247281e+05
1.443772637140620500e+05
2.706384214651485090e+05
3.452055797219289234e+05
1.754818763206888107e+05
1.586084499817223987e+05
1.550321219717727799e+05
1.671209035755679361e+05
2.631624096400904236e+05
2.289265017813123413e+05
2.505446295232619159e+05
2.561228405904797837e+05
1.745168712514705840e+05
2.199894688493433059e+05
2.014422096829247603e+05
2.095265914805432258e+05
3.301834224988290807e+05
2.298147586925173528e+05
2.689439831435471424e+05
2.988140877800121671e+05
2.060028334072089056e+05
1.759973542102027568e+05
1.734269001442721346e+05
2.102864560356487636e+05
1.463287214426348801e+05
1.483122917629330477e+05
1.419834314645875711e+05
1.439787228626295691e+05
1.777916805708630418e+05
1.034967704530996125e+05
1.241605671723452688e+05
1.494120800455654971e+05
8.944112409662685241e+04
1.586561216860476125e+05
1.471383072620263556e+05
1.142441072310762538e+05
2.138023599672740093e+05
1.311556649160591769e+05
1.756904818807656993e+05
1.775335562606345629e+05
1.287618925397579151e+05
1.167455821121005574e+05
1.396652748473928368e+05
1.205345746169105259e+05
1.654136551001750631e+05
1.090004370090133598e+05
1.489477843649273273e+05
8.765872731072190800e+04
1.176964569534490147e+05
9.356193490541943174e+04
1.377369803096694523e+05
1.322500599379009509e+05
1.879401066916998534e+05
1.508369952395182045e+05
1.198945514627913944e+05
1.517676237957400735e+05
1.256034817596538778e+05
1.349759480396716390e+05
1.165066512221132871e+05
1.286332209860366274e+05
1.225799966472660017e+05
1.493229449327409966e+05
1.090504787143132853e+05
1.140316416267835884e+05
1.181802997138788487e+05
1.235815073516969860e+05
9.654335116658206971e+04
7.617693696260251454e+04
1.242088803574227495e+05
1.127742686307236727e+05
1.224641908861669508e+05
1.170806874146799964e+05
1.147201578752779460e+05
1.486321387334242463e+05
8.474032282129055238e+04
9.822944615036810865e+04
1.475773405740324815e+05
5.234281954117081477e+04
7.783973977277149970e+04
1.191512641344277945e+05
1.275114477321940794e+05
1.041786969590280059e+05
1.424766257127636345e+05
1.290814559449451190e+05
6.710386742622658494e+04
1.879269543991931714e+05
1.168302578649916832e+05
1.112973437741289090e+05
1.268501416838887671e+05
1.382046526440877933e+05
1.377353307150203036e+05
1.210666738305637555e+05
1.191059500046887260e+05
1.650941300868121907e+05
1.168713313450790447e+05
1.527969052078737295e+05
1.269353816854807228e+05
1.107441232835516275e+05
1.123867316812737699e+05
9.895708477169502294e+04
1.128908851553588029e+05
8.339841798856048263e+04
1.605330322951207054e+05
1.277878441149055579e+05
1.507968265702245408e+05
1.609036257767213392e+05
1.280487339089146117e+05
9.493880534544863622e+04
1.379168240597812110e+05
1.423711737413315859e+05
1.125275988891579327e+05
1.229371898959240352e+05
1.204708377560882509e+05
9.924347452040322241e+04
7.833332641984111979e+04
1.048896234750419680e+05
1.336095035500364611e+05
1.521321031733602285e+05
1.407619937813920842e+05
1.666245641536191688e+05
1.257093995774065406e+05
1.469518077089525177e+05
1.221581871411326283e+05
1.372061494630810339e+05
1.732859654994772573e+05
1.437321324319003324e+05
1.320012208340517536e+05
1.499828822072810144e+05
2.325481851789028442e+05
1.178032082715044671e+05
1.737439832481590274e+05
1.592359912412088306e+05
1.014335822993125475e+05
1.399948830560594215e+05
2.666842730619780486e+05
2.238558922466597578e+05
2.388534341242880037e+05
2.180616606093182054e+05
1.835055377142265206e+05
2.365069272933698376e+05
3.799666968031186261e+05
3.314649910899655079e+05
2.559230805221865303e+05
1.982632682110815367e+05
1.592314218779429211e+05
2.188211759606945561e+05
1.922233570919721387e+05
1.973784162051448657e+05
2.159914871561684704e+05
1.600353988257239107e+05
1.336009785375050560e+05
1.735420118941641995e+05
2.224209532917417528e+05
2.986140541755954036e+05
3.161884841812403174e+05
2.348885803055540600e+05
2.126187058495661768e+05
1.366185265490018064e+05
2.135682279892842926e+05
1.925146988325456914e+05
2.248317575275383424e+05
1.907038494580326078e+05
1.205245822697672993e+05
1.300830013610120513e+05
1.461038925349738274e+05
1.529097140838666528e+05
1.576297152556538640e+05
2.531098716722334502e+05
8.177104885425971588e+04
8.315736073426458461e+04
8.875419618770031957e+04
1.085135400063092238e+05
9.858990689734162879e+04
1.032418329691763938e+05
1.010647881430609850e+05
1.157977287965804135e+05
1.599411069258401694e+05
1.797687486262285383e+05
1.468623187492847210e+05
1.438552565635940991e+05
2.231685373241381312e+05
1.398236490668467013e+05
1.755539568390389322e+05
1.185199487661339954e+05
1.402094422243128647e+05
2.226221380481510714e+05
2.684285548747656867e+05
2.386812147543293831e+05
1.219750949703816004e+05
1.196037666556574841e+05
1.207209902387605980e+05
1.046874325620289892e+05
1.337114827662454918e+05
1.021675910715872888e+05
1.461857019891970267e+05
6.706652865920710610e+04
6.796401117334564333e+04
6.762472753384168027e+04
5.935544259097578470e+04
2.958660952877413947e+05
2.718762087747582700e+05
2.901203193586079287e+05
2.100901360787564481e+05
1.195984035937073204e+05
1.779496239689079230e+05
1.943745766195765173e+05
2.684308000963251106e+05
2.518412314185350260e+05
1.526665652290243306e+05
2.131558889626765449e+05
1.796493250355920463e+05
1.784313246127724415e+05
2.391096294248885242e+05
2.173138313841782801e+05
2.537553338222468155e+05
3.125597194297703682e+05
2.020353138632324117e+05
1.097448738742301939e+05
1.546297205662559136e+05
1.524697895704058756e+05
1.257727693445557234e+05
1.336617342972115730e+05
1.054727479765155294e+05
1.018996970322874258e+05
1.421471554357557325e+05
1.179357509768740274e+05
1.210605314623891172e+05
1.190097873002205888e+05
1.316153100144695200e+05
1.073624304391535115e+05
1.816653573278100812e+05
1.550295421141989646e+05
1.842109916416264605e+05
1.848441331098529045e+05
1.786921633030104276e+05
2.076354422806536313e+05
1.630903254365720204e+05
1.732492585209740791e+05
1.610740651905566629e+05
1.973716779434765922e+05
2.113495586548306455e+05
3.820463116226047860e+05
4.311747018820090452e+05
1.747815962684371334e+05
3.159719478155794786e+05
3.669512250150570180e+05
4.345135345241881441e+05
1.537836397453388781e+05
2.010226982031325460e+05
2.143461165800770104e+05
1.978195180574291153e+05
1.652639977851880831e+05
1.800497905480751942e+05
1.530064299102151999e+05
1.898466038859814289e+05
1.812814290616922081e+05
1.515446958972215070e+05
1.262345899300107267e+05
1.184614999309326377e+05
1.644677046791707107e+05
1.835732697048011760e+05
1.081529222495493013e+05
1.131149954268521687e+05
1.441998120913343155e+05
1.242985492071482149e+05
3.665682721814067336e+05
2.745780750384989660e+05
3.668336515662660240e+05
4.408468110318302060e+05
3.368467764190733433e+05
4.455319977964819409e+05
4.586402987167883548e+05
3.985318144129808061e+05
4.610268234171815566e+05
2.802324552787520224e+05
3.494900631326107541e+05
3.391164200394700747e+05
3.522569842331652762e+05
3.400851474301777780e+05
3.155767055597060826e+05
2.520061824794891581e+05
2.501273364427046909e+05
2.522929775140916463e+05
1.931161774493780395e+05
1.882973036285717972e+05
1.972220210458392394e+05
2.276201732929631835e+05
2.843960835695304559e+05
2.097671081954950932e+05
2.003882589197164925e+05
1.793798883986659930e+05
1.720183160474105971e+05
1.741513035173212411e+05
1.818562011389007675e+05
1.946346234161087195e+05
1.893838904560405354e+05
1.790034365040293778e+05
1.836605170769484248e+05
1.871031190757650766e+05
2.406142024527043977e+05
1.781432549595446908e+05
1.993146970772325876e+05
1.824295848050323257e+05
2.130552817254763213e+05
1.781435323414270824e+05
2.021138454288190114e+05
2.241660532755903259e+05
1.924148294148387504e+05
1.801408314103007433e+05
3.428586339477549773e+05
3.951690016479971237e+05
3.235353399752014666e+05
2.564584249665940588e+05
2.896740986093766405e+05
3.103995583965479746e+05
1.968248544385254208e+05
2.637020657026703702e+05
2.186964107237518474e+05
3.894583032583518652e+05
2.085381514344268653e+05
2.380460179151826305e+05
2.279507871885127970e+05
2.162871751115380030e+05
2.354184258581878385e+05
2.116852512580037001e+05
1.984373659588348528e+05
2.430720013973815076e+05
1.809872940603924799e+05
3.156911374226772459e+05
2.519228743775999174e+05
2.563844419345618808e+05
2.319285260281071533e+05
1.385983988918682444e+05
1.487447396993466537e+05
1.529780749954318162e+05
1.896344964311980875e+05
1.979581298633574916e+05
1.325320040983279177e+05
1.158293284914568940e+05
1.460994419960674131e+05
2.574928867942632060e+05
1.409389104870095907e+05
1.576665495229004300e+05
2.139003903213549056e+05
1.904235451235916116e+05
2.225460305182675656e+05
2.127206660090200894e+05
2.164844572866591043e+05
1.692222449244854797e+05
1.659641034516729123e+05
1.940365882598341559e+05
2.907739349228877109e+05
3.167896903203310212e+05
2.518739558173484984e+05
2.702195265800333582e+05
3.299639742516400875e+05
1.448742045544788416e+05
1.951461008291057951e+05
1.485077381333691301e+05
1.683774775296030857e+05
2.136699264650442929e+05
2.027238011698223127e+05
2.471777221706728160e+05
1.612640396994983894e+05
1.336104161496721208e+05
1.371838496562838554e+05
1.053666484076230263e+05
1.179822283327900659e+05
1.499667691548461444e+05
1.453520273998338089e+05
1.137282460328428569e+05
1.724865531563407858e+05
1.433375008145513711e+05
2.122204180480866344e+05
1.441959350988413498e+05
2.231552901306602580e+05
1.340789870706196816e+05
6.562068544849976024e+04
6.360025145639135735e+04
1.221486514358325803e+05
1.384204539871829911e+05
1.459320555164226680e+05
1.544489307134586270e+05
1.591602061910344637e+05
1.399038574687157525e+05
1.253114320843875757e+05
1.500493445166428282e+05
1.202838326905592403e+05
1.722304121370951761e+05
1.135162136705302401e+05
1.603562431247044005e+05
1.309421139057933324e+05
1.582945918998306443e+05
1.337026845209058956e+05
1.286244809709679539e+05
1.316652970140953257e+05
1.317790601378676365e+05
1.248055387654356746e+05
1.210936638439249655e+05
1.445058547821592947e+05
1.079651010194181290e+05
1.167661152911000099e+05
1.652104064578486723e+05
1.895251407589319861e+05
1.277697120956991421e+05
1.331797064561998704e+05
1.843348217678337242e+05
1.128005842497918493e+05
1.316999430454753456e+05
1.070897799642042373e+05
1.481051768302220153e+05
1.489438217128054821e+05
1.393439252822603157e+05
1.519087237563554663e+05
1.048067371989322564e+05
1.032386549011519528e+05
1.232469615320954181e+05
1.021324457135464327e+05
1.240590096986595599e+05
9.419886915714330098e+04
9.759912335132423323e+04
1.251751628395352163e+05
1.323126419875690481e+05
8.734722760984579509e+04
1.312872372701185814e+05
1.818283598782122426e+05
1.298300905073711037e+05
1.113685068849595555e+05
1.577568205618089996e+05
1.186940345736224554e+05
1.926513081442023104e+05
9.320191092363026110e+04
1.168181400505564525e+05
1.189316136100617732e+05
1.349250592551051523e+05
1.365753426719983108e+05
1.267535403245320340e+05
1.069234903210724151e+05
1.397646469114965294e+05
1.266064911857872939e+05
1.355506994500673027e+05
1.244142143138765969e+05
1.678900584187785862e+05
1.408537351332950930e+05
1.172665478092414269e+05
1.318865019634420751e+05
8.147626419941689528e+04
8.079027400338384905e+04
1.950284107124555449e+05
2.192795773346545175e+05
1.642829238666391757e+05
1.173948902283543430e+05
7.721405694693494297e+04
2.085807687568537949e+05
1.149111561689137307e+05
1.264657502256484295e+05
1.530199073813410650e+05
1.066632162953372754e+05
1.551607018753933953e+05
1.204101965212023060e+05
1.262772350599810597e+05
1.112582153622965998e+05
1.215338548921206529e+05
1.232346733726685634e+05
1.507209035139169428e+05
1.646497031354114879e+05
1.656172555533829436e+05
1.577107607558315503e+05
1.475522182241836272e+05
9.317543346958054462e+04
1.975306936585791409e+05
1.557870410766242421e+05
1.509080989956281846e+05
8.756482549443963217e+04
2.397979021696152049e+05
1.521593704787173192e+05
1.083297526157087705e+05
8.766558343166118721e+04
1.201446052291730884e+05
1.362030589602654218e+05
1.447862442654137849e+05
9.594245489833773172e+04
1.716383636978970608e+05
2.262484224080363638e+05
2.489959014901990013e+05
2.806999856327528832e+05
2.490669697596108890e+05
2.195596882008545508e+05
2.211707197246265132e+05
1.765345693029935355e+05
2.084637959298444621e+05
2.208936486625652178e+05
2.734948038723165519e+05
1.501656755430830235e+05
1.741888551066438667e+05
1.470060507290679961e+05
1.557840628435450199e+05
2.345343715640821611e+05
2.201059929609774263e+05
1.888221160517073295e+05
2.219640039747220289e+05
1.201092499872188200e+05
1.355826934906216920e+05
1.491302103473890747e+05
1.384140753102358140e+05
1.160014411109014763e+05
1.290723422563423665e+05
1.346473678361502243e+05
1.283206178909675946e+05
2.527431051491847320e+05
2.241207642514584877e+05
1.932934690776952775e+05
2.330329116170980560e+05
2.964399195212165941e+05
2.344997515134394052e+05
2.440675512846323254e+05
1.829113997428680595e+05
1.904407635032859107e+05
1.763972986523110012e+05
1.825629920122122276e+05
1.635218869173669373e+05
1.196284968544751464e+05
1.187138909882825683e+05
1.356680974268976133e+05
1.226704647055420355e+05
1.376806878746026487e+05
1.494257329041506746e+05
1.540025292834280990e+05
5.199022589954287396e+05
1.412365747945493204e+05
1.276874132683301432e+05
7.651232426288031274e+04
9.728367499545868486e+04
1.142381010966222675e+05
9.889364621837784944e+04
1.084080401839233382e+05
1.455822129309945740e+05
1.422592935602955113e+05
1.537111874984360766e+05
1.462547822554029117e+05
1.404841303328317590e+05
1.519340195513368817e+05
2.027952994477491593e+05
1.376983744032449904e+05
1.573927005914259353e+05
1.432456935773975565e+05
2.033552033566067985e+05
2.277806534957128752e+05
1.175884680316074518e+05
1.882735200424692594e+05
1.492280560254826851e+05
2.179917474455113406e+05
2.943985550338231842e+05
1.310990148805056233e+05
1.204483325532371819e+05
1.532942634682455682e+05
8.370986415367631707e+04
6.301038442860845680e+04
8.846710472388839116e+04
9.386369929060080904e+04
1.026287378398644651e+05
2.722038093043927802e+05
1.761255436590104364e+05
1.827387980930782505e+05
2.241451662371254642e+05
1.990239693644934450e+05
1.397757712024506181e+05
1.496266310540257837e+05
1.987364434088214184e+05
2.276588169945723785e+05
2.105319936526216916e+05
2.532135666464983660e+05
1.857323040835334687e+05
2.052311920860515092e+05
2.867431683377613081e+05
1.855534406633038889e+05
2.813731177915259032e+05
3.389043999976732885e+05
1.514040535074021318e+05
1.420144826330947108e+05
8.521644894478007336e+04
9.349406309112726012e+04
9.116944661933367024e+04
8.155409827967846650e+04
1.434013135599212255e+05
1.994988077972682950e+05
1.967440881192292727e+05
1.741898023873617931e+05
1.099279567144541070e+05
1.219989357972257421e+05
1.613667251462326385e+05
1.295543123262554145e+05
1.239880747799799428e+05
1.539172341710793553e+05
1.441794318949040608e+05
1.767381852007273992e+05
1.934048691751465085e+05
1.968604578792377142e+05
1.877217090966368851e+05
1.760395392808751203e+05
1.785953341736368020e+05
2.440130926730998035e+05
3.021325724730951479e+05
2.931845379753155867e+05
1.732955230830804212e+05
1.685878359553346527e+05
4.833819086087562609e+05
4.950361186161618680e+05
3.885412009480710840e+05
4.698457493719339836e+05
4.185306944540016120e+05
3.191868206064240076e+05
4.387164765683708247e+05
1.586880665585714742e+05
1.734992446286499035e+05
1.802157066013846488e+05
2.540360536141033226e+05
1.933745235479864059e+05
1.517584163066481415e+05
1.052073103650103149e+05
1.887312026440530026e+05
1.036443990687056357e+05
1.173343224267418846e+05
1.100292938133050047e+05
9.587420258983629174e+04
1.032758682308365824e+05
1.403103734994967526e+05
1.557517193225664669e+05
1.390199771601393586e+05
1.389437880457486608e+05
4.011021159981772653e+05
2.540360841171143984e+05
2.563863594829690701e+05
4.032864040393737960e+05
3.238754218470579945e+05
3.526987872055833577e+05
3.099355797195621999e+05
3.093923303506122902e+05
3.644238466931504663e+05
3.568940968384909211e+05
3.657154593734085793e+05
2.951890919082441833e+05
2.743652157651726156e+05
3.306477920877818251e+05
2.805230285046378267e+05
1.710561706929045031e+05
1.811690570804166200e+05
1.810466136959706782e+05
2.747427932145667728e+05
1.894608492130711093e+05
1.935369486733979720e+05
1.975096861680000147e+05
1.917359054029948602e+05
1.747968332552199136e+05
1.939895648788752442e+05
1.987277156160721788e+05
2.466842859620268864e+05
2.798551551311060903e+05
2.889708471411065548e+05
4.008703106895063538e+05
3.209463648755624308e+05
4.930231976492034155e+05
3.225541101103529800e+05
3.363676598204388283e+05
2.448947873675613664e+05
3.093108477952119429e+05
2.172548796568511752e+05
2.074314282749349659e+05
4.180148833438884467e+05
1.870764093156847230e+05
1.400603108127300802e+05
1.988446042707900051e+05
1.387958599085612805e+05
1.929425879228100239e+05
1.862878221499065985e+05
1.847576650921429391e+05
1.956183024784596928e+05
1.706640217763587134e+05
1.560744946672904771e+05
1.495276647573182127e+05
1.127020129299916589e+05
1.277586454015560157e+05
1.410348036774317734e+05
1.153476901345719234e+05
1.129177189159116679e+05
1.243796457933441998e+05
1.326722737906328402e+05
1.051154432086927263e+05
1.269184528962024779e+05
2.637626608574618585e+05
3.898477549899923033e+05
1.704193840214280062e+05
1.519605580726795306e+05
1.690058201927288319e+05
1.450510885890731588e+05
1.925286977393275010e+05
2.207171828880801622e+05
1.530720717066236830e+05
1.744182500903558976e+05
1.311185245170961425e+05
1.609299314154300955e+05
1.440330062480017950e+05
1.256366273286237993e+05
1.304981930579259497e+05
1.475728808297106880e+05
1.747728422507159412e+05
1.866151075537692232e+05
1.507857735839019297e+05
1.476694619149736536e+05
1.327831838560942560e+05
1.330472163785638695e+05
1.605265697896991624e+05
1.378179621131405584e+05
1.338951112169182452e+05
1.369465909778291534e+05
1.213277687687398866e+05
1.387494967155933846e+05
1.594063290168945678e+05
1.361858791145911673e+05
1.460458265232725535e+05
1.546016335544328322e+05
1.564085491261648713e+05
1.624198345076923724e+05
1.414756361393569678e+05
1.372328986375968088e+05
1.524758684061967651e+05
1.283271263224877475e+05
1.283991087154047127e+05
1.273675108522181690e+05
1.344083219460026012e+05
2.096453276877053140e+05
1.479269471794629353e+05
2.006267283468723181e+05
1.359223115009475732e+05
9.669275968857026601e+04
7.266126633214813774e+04
8.818142940049667959e+04
1.649801412861499412e+05
1.233261226411592361e+05
1.415362172856021789e+05
1.446620323688407370e+05
1.868593272118947934e+05
1.524576857315931411e+05
2.905564372406477924e+05
1.288814341831079219e+05
8.842557137764571235e+04
1.324948373619382037e+05
1.330237102082186611e+05
1.439056827860190533e+05
1.060949092805689143e+05
1.116605257496918348e+05
1.637931661406225176e+05
1.426717643501332495e+05
1.159280105351739767e+05
1.433801407908795809e+05
1.436280594890003558e+05
1.075750367383861740e+05
1.236211522551191447e+05
9.902825569177363650e+04
9.648948694367232383e+04
9.709543706263336935e+04
9.890422601957795268e+04
1.212192476408463990e+05
1.369356982222007355e+05
6.836221486036400893e+04
1.256905813384826470e+05
7.439196533785125939e+04
1.730046208392853732e+05
9.277722340632483247e+04
1.104406486345629382e+05
5.310245443928110035e+04
1.562657665619871404e+05
1.002063008276251785e+05
1.195834281224358565e+05
9.980708960611102520e+04
1.960735307016212610e+05
1.075451371141743293e+05
1.166391004544914758e+05
6.958697707560393610e+04
1.125435841055342462e+05
1.289826671320584283e+05
1.677992876439030515e+05
1.290993998131196277e+05
9.829372225766305928e+04
8.295284452400176087e+04
1.624268112918753177e+05
1.462854908654750907e+05
1.306116758293397288e+05
1.250316917262377829e+05
1.601828751938560745e+05
1.680332043251363211e+05
1.568575153496901039e+05
1.616834444010182924e+05
9.611702432328219584e+04
2.357050744216681924e+05
1.541140716532159713e+05
1.309486768145066308e+05
1.653846242841265630e+05
1.358418518831735128e+05
1.055030532387590647e+05
1.961865113959265291e+05
2.924693449756343616e+05
1.641477814331651607e+05
1.507809210441862233e+05
1.295846485977333359e+05
1.386986369042164588e+05
2.128908358975813317e+05
2.167744358143587888e+05
2.250637045981232950e+05
1.772090409276452847e+05
2.388353717995726038e+05
3.068848376841926365e+05
2.187271554140994849e+05
2.234104820486133976e+05
1.908205690069293196e+05
1.597569586666063988e+05
1.500149726954487269e+05
1.729885250493285130e+05
2.061527285544762271e+05
2.047769423890011676e+05
2.307620054489689064e+05
1.497417027367590636e+05
1.748700712912587333e+05
1.282739871013290685e+05
2.073524392943798739e+05
2.082344318950470770e+05
2.129894820364037587e+05
1.952210207209798391e+05
2.809701270824871026e+05
2.150759284384245111e+05
2.404506493826623482e+05
2.358904694777295226e+05
1.378260074147295090e+05
2.020491857840318407e+05
1.993389725597930374e+05
1.896897240713533829e+05
2.066490288265838753e+05
1.074872078848163364e+05
1.223037052805962157e+05
1.242314445468004560e+05
1.845252415862094786e+05
1.268539015252330719e+05
2.349937868322603754e+05
1.437888822991205961e+05
1.425252104362102109e+05
9.753627738785694237e+04
9.578101809838012559e+04
9.746810668288503075e+04
1.215174224887489981e+05
8.516924180608245661e+04
5.014895789917260117e+04
9.567619415421294980e+04
1.395800672515050392e+05
1.153281360696443880e+05
1.647735533295566274e+05
1.484145660286056809e+05
1.660581718122606399e+05
1.346189061756600859e+05
1.040779584958043561e+05
1.446018262258340255e+05
1.737025192873963388e+05
1.904680754084813816e+05
2.058999740854056436e+05
1.865020850307440851e+05
2.271244727170177794e+05
1.013326439880632679e+05
1.428479546175735595e+05
5.733362622073233797e+04
8.051465743041652604e+04
1.362124917078736471e+05
4.335648333737830399e+04
7.537194219021359459e+04
5.541561576473050081e+04
3.228231674072355963e+05
2.798552648632954224e+05
2.077656485499587434e+05
1.517705218554841704e+05
2.144840309471501678e+05
1.591643892027680413e+05
2.114291112706047425e+05
1.862497558442967129e+05
3.343179269935970660e+05
3.446056415578265442e+05
8.454285726823224104e+04
2.011304270203103370e+05
1.148246979762752890e+05
1.303433304847090039e+05
1.531075994821614586e+05
7.862557043854093354e+04
8.294567250661095022e+04
1.480961609572540910e+05
8.410857840523004415e+04
8.017200414824587642e+04
8.736268054565650527e+04
8.559335395831885398e+04
1.688712439931420959e+05
1.180297678373358940e+05
2.311068653184338182e+05
