1.199580333810189768e+05
1.514825663488043356e+05
1.802008386463107308e+05
1.975155892225581338e+05
2.024341527527176368e+05
1.705538315669663425e+05
1.797913712655368436e+05
1.597862419771343411e+05
1.961241853228270775e+05
1.188485102656189265e+05
1.880602828244955163e+05
9.887449883171825786e+04
9.513961512079070962e+04
1.436504355087543081e+05
1.077884395707849762e+05
3.536376316475052736e+05
2.465938932394772710e+05
2.997935494982473901e+05
3.000474454863747815e+05
4.681687121346142958e+05
3.213881460736732115e+05
2.136266659395761671e+05
1.811782430797058332e+05
1.607074750684492174e+05
1.973926023335422506e+05
1.949373968118494959e+05
3.359532611590581946e+05
2.387851884643971862e+05
1.894994127350838680e+05
2.397981372351549799e+05
1.969085892015432182e+05
9.266944391167552385e+04
1.907855340005673352e+05
2.957439726914534112e+05
2.887833052240372053e+05
2.342472733302130946e+05
1.797311934305480099e+05
1.716473665851108672e+05
1.656911111878534139e+05
1.584082293308918015e+05
1.729929599802487355e+05
1.458064547308045439e+05
2.859530909531178768e+05
2.419754667055105965e+05
2.257262320043675136e+05
1.875890510195619136e+05
2.440014380936256784e+05
2.016839382185283466e+05
1.617007206157821929e+05
1.425874117937586561e+05
1.507075820656726719e+05
1.774738636741093651e+05
1.537125336487537716e+05
1.541692864768407017e+05
1.927530699727698229e+05
1.557246954399004753e+05
1.716026250517749286e+05
1.313353159540079068e+05
2.091738982094673265e+05
1.254801406401255517e+05
1.289806652687969472e+05
1.793202712095767201e+05
1.100607865558105696e+05
1.268013246411201108e+05
1.178849540049727802e+05
1.103364301702427765e+05
1.092649790470495500e+05
1.401386470779938682e+05
1.497544985885080823e+05
1.875054224094843667e+05
1.070389780609180452e+05
9.859966531594801927e+04
1.457278610568047443e+05
1.277547707803424564e+05
1.468802962952832459e+05
1.070617220419913210e+05
6.137093041305567021e+04
1.479007128710466495e+05
1.949523382763201080e+05
9.841940597511116357e+04
1.379513250079237332e+05
1.403281311479566502e+05
1.784389131252453371e+05
8.890845230392160011e+04
1.185305613439346198e+05
1.389200661292207951e+05
1.281403481565139809e+05
1.427598546452011215e+05
1.239168271995777905e+05
1.333875292981632520e+05
1.066009596140385838e+05
1.332706797737211746e+05
1.451116383149908215e+05
1.160654761334791838e+05
1.586585409568457981e+05
8.663755972909132834e+04
1.052697308648491016e+05
1.020738806182142725e+05
6.381516935774374724e+04
1.346468889299136936e+05
1.258004610949199850e+05
1.310322121288270573e+05
1.176799346764909715e+05
1.542063179184945184e+05
1.508919846298558696e+05
2.391635287885336438e+05
7.767936429491959279e+04
2.328787394700515142e+05
1.242267108703840495e+05
1.417376223729453923e+05
1.236123054146821378e+05
1.401488662313030218e+05
2.285406743159176258e+05
1.199069306691871025e+05
2.295058016093602346e+05
2.501180650874344865e+05
1.780402697802764887e+05
1.504764315216116083e+05
1.433807905090244021e+05
1.972723973092799715e+05
1.563037748143394419e+05
1.244857977902882703e+05
2.821767483631950454e+05
2.160473936799531511e+05
1.338388338303611381e+05
6.404370627587269701e+04
1.071821124085039337e+05
1.517030512227016443e+05
9.646742285406548763e+04
1.332802638647645654e+05
8.961044500817058724e+04
1.151912761735776148e+05
1.261928256633198471e+05
1.227404565675326157e+05
1.062369127532884741e+05
2.149836351882405288e+05
1.961035215667111916e+05
2.332488176675002323e+05
1.669637503910930827e+05
1.586198868651800440e+05
6.660307165715596057e+04
1.186115471951073123e+05
7.079192477476240310e+04
2.567283939832063334e+05
2.413961421987073554e+05
1.683568436461820675e+05
1.777987341321242275e+05
2.163482502700751647e+05
1.806740957080349617e+05
1.514846522123379691e+05
1.377586964684187551e+05
1.733279638807305018e+05
1.651170818417738774e+05
1.299539234227492125e+05
9.644140755328675732e+04
7.975521249644622731e+04
9.585618045482841262e+04
1.251223607474922464e+05
1.386720819873529254e+05
1.469192494787695759e+05
1.387128597830972576e+05
1.436578958612409770e+05
2.580210642239436274e+05
2.090670861208628339e+05
1.178885185561255494e+05
1.731423004033834441e+05
1.927924100456542510e+05
2.823146253332004999e+05
1.841401569577372575e+05
3.426279996191388927e+05
2.327728844174610276e+05
2.470105185856999597e+05
1.784423277327659307e+05
1.846252848702674382e+05
1.742704387267714483e+05
1.525150667624138587e+05
2.005708938599983812e+05
1.775190045636139985e+05
1.927634038620598440e+05
2.499246815468467539e+05
1.843037913006562449e+05
2.448986600245953014e+05
2.104998022721500311e+05
2.358687737197203096e+05
1.966565928821124544e+05
1.588818134531154064e+05
1.611333651234147546e+05
1.286510527863254247e+05
1.411794234499822778e+05
1.127708704574753356e+05
1.208421143821656442e+05
9.851806293826704496e+04
1.011562643859803648e+05
1.426188110332250944e+05
1.315591878040845040e+05
1.387086304220486782e+05
1.454183468954459822e+05
1.432973588803737657e+05
1.149115883698502148e+05
1.565934007285489060e+05
4.115944086016797810e+05
3.964368582087887335e+05
3.720800926154949120e+05
4.770004804225011612e+05
3.091129351033127168e+05
3.383640704031246132e+05
3.839419021299985470e+05
3.542536608087033965e+05
3.189628755856461939e+05
3.518815148941453081e+05
2.625484702097800327e+05
4.122444330152552575e+05
2.862227935556971934e+05
2.392860398125439533e+05
1.978462950559378951e+05
1.965862471661010350e+05
2.189449389910101891e+05
4.353001654178217286e+05
3.877340976925973082e+05
3.250837324196586269e+05
2.507259510541810596e+05
3.224991878319471725e+05
1.845081926017913793e+05
1.767220194391244731e+05
1.763422576981146995e+05
1.671481432442843798e+05
1.775347150088118797e+05
1.893314422144069977e+05
1.957763177014122193e+05
1.991868413489795057e+05
1.900661833797542786e+05
2.676574539333353168e+05
1.731707093483452045e+05
1.838507682038564526e+05
1.696011324885634822e+05
2.604723030257298960e+05
1.748974428384864004e+05
3.419610066493072081e+05
3.102710506474883878e+05
2.573849169513443194e+05
2.752797543655546033e+05
2.357493458534096135e+05
2.359319689711822430e+05
2.724126695364041952e+05
2.427278159340135753e+05
3.332164350102606695e+05
2.112221877248651872e+05
2.011831827428997494e+05
2.615429243315210915e+05
2.181323212144249119e+05
2.787574956004290725e+05
2.476855988510238240e+05
2.782256156736040721e+05
2.224751673072826816e+05
2.100886139399550739e+05
1.834322486305795901e+05
1.784426391840877186e+05
1.371697541968378646e+05
2.112232068422753073e+05
2.424912232903788099e+05
1.636407995328153193e+05
1.257992157869314397e+05
1.559253535224351217e+05
2.020717451335548540e+05
2.369752163513644191e+05
1.871605448801276507e+05
1.510572521672557632e+05
1.757231014827012259e+05
1.696776291720271984e+05
1.588862882407476718e+05
1.199414347703304957e+05
1.239441981312473508e+05
1.128694594240222650e+05
1.217803126038035116e+05
1.248632275389374117e+05
1.058537064045804291e+05
2.941745103686453076e+05
2.590854755525513610e+05
2.339209173121829808e+05
2.026856155516001745e+05
1.842831898390433344e+05
1.715219863924898382e+05
1.804149744669191714e+05
3.157698585956240422e+05
2.202473228439967206e+05
1.879752775224054640e+05
2.153770119301835657e+05
2.145480817555813410e+05
1.424394775709391979e+05
1.241118005297481286e+05
2.552475306360949180e+05
1.145959350309425936e+05
1.510366651518077706e+05
1.928077491016746499e+05
1.639385661133995454e+05
1.239983523907256022e+05
1.208852566331752751e+05
1.472646547684543766e+05
1.622848736865082756e+05
1.660912905824425980e+05
1.478229704681250150e+05
1.781335607172953023e+05
1.901876419598424691e+05
1.124245134711500868e+05
1.677341061176549993e+05
1.924144938541511947e+05
2.224154661069177673e+05
1.398113765438789560e+05
1.737624000301600900e+05
1.557875147489749070e+05
1.245430274685023614e+05
1.300345714786541939e+05
1.244231399020953831e+05
1.407572764041300106e+05
1.418214178520512942e+05
1.322064057269637415e+05
1.071707211180882150e+05
1.392800657968307496e+05
1.180144815375591425e+05
1.801264422632070491e+05
1.267599943436514877e+05
8.474780320655446849e+04
1.423961298536914110e+05
1.078584869005885557e+05
1.270413634016096476e+05
1.376394612120995298e+05
1.679319875329480565e+05
6.090818927801107202e+04
1.002803566844133020e+05
7.713626858635476674e+04
1.807021548503899830e+05
1.610571981872192118e+05
1.278484144567230978e+05
1.571166205847909732e+05
1.332143378127930919e+05
1.355333190494432929e+05
1.168504409115566086e+05
1.198424039069648716e+05
1.095492756898523512e+05
1.348878953671120980e+05
1.266727055073248048e+05
1.464278462242571404e+05
1.487525940639459295e+05
1.344453951857356296e+05
1.360032503613450099e+05
1.271426052507531422e+05
1.399657306324879755e+05
1.280123760095246980e+05
1.261761819926574681e+05
1.357146152857444831e+05
9.641122346965175529e+04
9.973426730638164736e+04
1.234918828219188581e+05
9.476243837944675761e+04
5.377673604694585811e+04
1.012343162549418194e+05
1.049940470036433107e+05
1.427626557714038936e+05
1.251658233322754531e+05
5.210058220722161786e+04
1.210962637903954310e+05
1.515354514833282155e+05
4.533718079572668648e+04
1.299375754462850891e+05
1.408874097661735141e+05
1.048697548485524749e+05
1.005235024707932316e+05
1.370623507720805355e+05
1.309096392860031920e+05
1.379882081484129885e+05
1.427103785205287859e+05
7.329785585799584805e+04
1.422873802251803863e+05
1.153210223560091836e+05
1.143577146559481625e+05
1.235302966859816224e+05
8.646021444390503166e+04
1.237437127071640571e+05
1.011685519390223199e+05
1.396785279265362478e+05
1.344652503761771368e+05
9.292191856361772807e+04
1.271102461756647535e+05
1.479404133808979532e+05
1.444063339012271899e+05
1.576922684203137178e+05
1.714513353966119466e+05
5.195004183413659484e+04
1.124036921711054019e+05
1.151922160879083676e+05
1.492126855892012827e+05
1.244337203196753835e+05
1.187674116715579730e+05
1.613994719631561602e+05
1.528092949498461385e+05
2.240077336094476050e+05
1.288386559976396966e+05
1.343079809300184425e+05
1.190024340742631903e+05
1.462226170691303560e+05
1.182525603333225590e+05
3.198352014368446544e+05
2.959059320353069925e+05
2.960047595915111015e+05
3.431697722579534748e+05
3.298590569107088377e+05
2.251637593314637779e+05
2.830029102613229770e+05
2.038018442702322209e+05
2.252518548003189208e+05
2.594293146830773621e+05
1.765235615666550875e+05
2.327776123036748322e+05
1.569452723934871610e+05
1.978619075023241166e+05
2.013780190360971028e+05
2.106954057798802678e+05
2.072595000121399935e+05
1.276409736464444723e+05
1.310473083682273282e+05
2.452206252362770902e+05
2.396221771747298772e+05
1.861340177514981769e+05
2.039802817545634462e+05
2.367828426314955868e+05
2.839699579445437994e+05
2.176918820371802431e+05
2.679720550206209882e+05
1.722572314293050149e+05
1.135022067530685745e+05
1.362749401833493612e+05
9.458929713680980785e+04
1.266035781048037898e+05
1.217463189276688645e+05
1.307228697403002443e+05
1.274519742947438499e+05
1.162454050068390206e+05
1.081589690542320459e+05
1.667081424701390788e+05
1.576504460574050026e+05
1.725177014753411640e+05
1.570551626589409134e+05
2.223729650108938222e+05
1.424923181343185715e+05
2.008251098181189445e+05
1.552611100313408242e+05
2.102236014806070307e+05
1.094577988865139487e+05
1.309550254302437679e+05
1.192712011188087636e+05
2.241743942854542984e+05
3.409716031238787109e+05
1.390718612335003272e+05
5.628046126008196006e+04
2.919728126869912958e+05
6.680888377861313347e+04
2.404408778881351755e+05
1.409322916876975796e+05
1.827904120935242390e+05
1.611307015831824974e+05
3.581369451685413369e+05
3.161793147250690381e+05
2.397806594736433763e+05
2.148942904770714813e+05
1.968217363933105953e+05
3.567677574946777895e+05
1.319234400253247586e+05
1.611137119530020282e+05
1.254547051181729184e+05
1.344720816510586592e+05
1.426280929498910846e+05
1.416507466133894050e+05
1.856190313328943739e+05
1.830376279260205920e+05
1.709034019095207623e+05
1.974172046237555041e+05
1.860790001588138402e+05
1.721083720262529096e+05
2.423246134925678780e+05
1.953544822639943450e+05
1.691797754720663070e+05
1.847395003635677567e+05
2.198421947531139012e+05
3.720323969841521466e+05
3.997396261746831005e+05
1.286188713049369107e+05
2.615238876062265772e+05
1.671114962569563941e+05
2.505347580093319702e+05
1.927185332115494239e+05
2.373838411220508278e+05
2.055815012720812811e+05
1.653456890865924652e+05
1.843662257027550659e+05
1.374254772701130132e+05
3.008581366468273918e+05
1.514292319183168001e+05
2.872853303331775242e+05
1.469926904356471787e+05
1.160716206716757151e+05
1.190067589770935447e+05
9.913306291921185039e+04
1.070472462978537806e+05
1.051330385758724588e+05
1.389813853503495920e+05
1.357272902015163563e+05
2.968483520807332243e+05
4.067074661560098175e+05
3.822524914113548584e+05
3.978089867948521860e+05
4.629422683308909182e+05
3.742563531374541926e+05
2.721045139176496887e+05
3.384559975316150230e+05
5.040020088180401945e+05
2.746394294837075868e+05
3.494955865769702941e+05
3.420009705854407512e+05
3.211510965427908814e+05
2.052929250729132327e+05
3.375316911330045550e+05
2.201042652149643400e+05
2.069967584604388103e+05
1.716172695434976486e+05
2.256134933662850817e+05
2.058395307472775457e+05
1.851624424448121863e+05
1.742664168702252209e+05
1.930143287191390409e+05
2.076025722006885626e+05
2.301482686684005603e+05
2.163503728896164685e+05
1.690357762903677067e+05
2.263122306629614905e+05
1.827911754963654093e+05
2.491571407664526778e+05
3.199911808363131713e+05
3.067069880051670480e+05
2.914423011171309627e+05
3.221479283930964884e+05
2.823124984763381653e+05
2.396231919671330252e+05
2.509996408539510448e+05
2.834946812709149090e+05
2.290173679439492116e+05
2.218649866910852434e+05
2.511166801792104088e+05
2.121326018545551051e+05
1.985155032202432340e+05
1.962340754560106725e+05
1.444564160751506279e+05
1.742681066291341558e+05
1.779736887635737367e+05
1.846854413610754418e+05
2.072074840551425586e+05
1.919918909420787531e+05
1.932511730863721459e+05
1.137959197370895999e+05
1.321923959724682791e+05
1.036451206795537873e+05
9.959318255660113937e+04
1.855231925739639264e+05
1.439385798593743530e+05
2.820225105752121890e+05
3.505969554063270334e+05
1.748177697438411415e+05
1.625933660453176999e+05
1.551337456739611225e+05
1.675956825633113331e+05
2.624388664501291933e+05
2.315335404911605001e+05
2.548080198546598840e+05
2.511812901292568422e+05
1.785096654038865527e+05
2.226786664365618781e+05
2.043255283416782622e+05
2.132182835882760701e+05
3.428282821411843761e+05
2.306544990250247938e+05
2.746846410979244974e+05
3.047779155785888433e+05
2.091261291977984656e+05
1.774482906127896567e+05
1.762831274382458942e+05
2.133755175509268302e+05
1.490217672394783876e+05
1.465763989470472152e+05
1.426866654851250933e+05
1.464421822144708131e+05
1.757663238065900805e+05
1.025259834597851586e+05
1.217354865854932432e+05
1.496197627883078821e+05
9.243343899964551383e+04
1.572427742836394464e+05
1.524855170707519283e+05
1.115670951515375054e+05
2.125335666943200340e+05
1.318406429604417062e+05
1.766476582671653014e+05
1.731433393009065476e+05
1.264129101014398912e+05
1.182018862762150820e+05
1.370148569248469139e+05
1.191736891848721862e+05
1.677707572859644133e+05
1.142918212851976568e+05
1.483892901641818753e+05
8.880676725192417507e+04
1.194973715406414558e+05
9.511401415059919236e+04
1.414049551298849692e+05
1.296679650898585096e+05
1.858665307649283786e+05
1.509475043600260105e+05
1.170954585629162902e+05
1.514894793064144033e+05
1.238773344334341091e+05
1.365118342531023372e+05
1.153492004065904184e+05
1.275207286407666252e+05
1.205523501210942923e+05
1.487079682074871380e+05
1.058749193686618382e+05
1.125343541096908448e+05
1.179158076269697922e+05
1.238729848327814252e+05
9.657901729154580971e+04
7.761657010282501869e+04
1.215866371177467954e+05
1.072609306331766857e+05
1.200660595248813624e+05
1.158647096995428583e+05
1.101322512057542190e+05
1.542337696191774739e+05
8.725807278041506652e+04
1.004784163755258778e+05
1.513682097486178391e+05
5.120984543827973539e+04
7.802820246556642815e+04
1.156505168438254186e+05
1.306985525638487015e+05
1.058357361691471597e+05
1.443692811521623225e+05
1.313248868409930437e+05
6.497630056425225484e+04
1.769805263738473877e+05
1.175850056553452741e+05
1.108849498112555884e+05
1.266672280751982471e+05
1.345965908308397338e+05
1.374509746821718581e+05
1.211113588204482221e+05
1.230548616138410434e+05
1.632072840525888605e+05
1.146054789304700680e+05
1.493305956094624707e+05
1.306798588810438960e+05
1.138213675256094721e+05
1.126085340982482594e+05
1.021914603881357616e+05
1.179502795746197226e+05
8.144785438097927545e+04
1.562023564037438773e+05
1.239783654766508116e+05
1.490853437610350957e+05
1.647493872703162197e+05
1.273659424145208759e+05
9.096545573903378681e+04
1.362129015586159949e+05
1.393957894965451269e+05
1.118383164934399101e+05
1.230905893602486321e+05
1.235030606336975034e+05
9.903434697111175046e+04
8.170537702834447555e+04
1.043647020625599689e+05
1.331940843125520914e+05
1.524967377923003223e+05
1.386601752680601203e+05
1.751654153087417071e+05
1.260911623427236336e+05
1.479076103431464580e+05
1.222542014962609101e+05
1.379454981169014645e+05
1.765665187938961026e+05
1.461405686527147773e+05
1.369017440486453706e+05
1.536660035996871593e+05
2.376071730234326387e+05
1.175506379325063899e+05
1.728326825420129171e+05
1.574070577999411908e+05
1.004391186865179334e+05
1.439531978925849253e+05
2.538972650885401235e+05
2.248698683880853932e+05
2.414134549989828665e+05
2.196624002008117386e+05
1.848222302167522139e+05
2.345155211333855113e+05
3.689926137365980539e+05
3.325258020035221707e+05
2.534428159245522111e+05
2.055206342747593590e+05
1.634055859417041938e+05
2.175555861938493617e+05
1.900588527653173660e+05
1.968785131055641104e+05
2.152214883480978315e+05
1.629059994385341415e+05
1.319894447857215127e+05
1.767789399827345624e+05
2.183534712203453819e+05
2.850956019472791813e+05
3.092780912410575547e+05
2.320204941865058208e+05
2.143286590261659876e+05
1.342549932842883281e+05
2.087992877525489894e+05
1.943491791357795883e+05
2.269875888786262367e+05
1.925024914132608974e+05
1.183780304746675829e+05
1.339670052925172204e+05
1.450501422374626272e+05
1.527939163251666469e+05
1.555521155437912385e+05
2.774253300674763741e+05
7.916701733644246997e+04
8.093860127216369438e+04
8.548014912975046900e+04
1.127662373974060320e+05
9.856159969709519646e+04
9.935729486668057507e+04
1.022043095124085521e+05
1.171179328790434520e+05
1.587469775279859605e+05
1.824415549571122101e+05
1.486955725436210632e+05
1.478056734390630154e+05
2.233135243023401999e+05
1.336260834883524512e+05
1.757251782968413318e+05
1.198169301569771342e+05
1.380632991597326472e+05
2.251395443098586693e+05
2.745415292853795690e+05
2.463053849168991437e+05
1.209089693773308682e+05
1.196621499098678323e+05
1.226063476625151379e+05
1.063739856912914111e+05
1.385774921214221104e+05
1.024179872451247065e+05
1.457836646720671852e+05
6.330192431226014742e+04
7.098633850656519644e+04
6.661872627602382272e+04
6.159640096701898437e+04
2.931775914824876818e+05
2.751074522675118060e+05
2.867752664944399148e+05
2.102376218535806693e+05
1.190994939731533232e+05
1.773484862502256001e+05
1.907829275368950330e+05
2.674915001376072760e+05
2.508624957764786377e+05
1.531631121575347788e+05
2.076953101252522320e+05
1.786536953633457888e+05
1.814894592682463408e+05
2.439117473926979001e+05
2.191610984059689799e+05
2.513638697460668918e+05
2.996913179353862070e+05
1.979439249385463190e+05
1.105905480569359934e+05
1.531008396482227254e+05
1.528406201452226960e+05
1.233568635725796194e+05
1.365995925228022679e+05
1.060328961048436176e+05
1.019355632827320514e+05
1.399987934796510381e+05
1.223176492749986210e+05
1.185830471784130350e+05
1.154384126610294188e+05
1.286577754670993163e+05
1.063437622345050186e+05
1.849791600218715612e+05
1.557031126184985333e+05
1.864806577023235441e+05
1.843539736390755861e+05
1.768330290489434847e+05
2.081755146420052042e+05
1.578133890165314951e+05
1.727634719942486845e+05
1.597309078615095350e+05
1.996284796513951442e+05
2.133712500872580858e+05
3.855075099072925514e+05
4.712083129564415431e+05
1.774332234638387745e+05
3.162295683079707087e+05
3.612900982357957400e+05
4.370976274452687940e+05
1.536429172701269854e+05
2.044220521205464902e+05
2.104272201143957500e+05
1.964724532516844629e+05
1.638872233984830091e+05
1.821508001133217185e+05
1.513106197378074285e+05
1.875902879174734699e+05
1.792956296863460448e+05
1.522463736031736189e+05
1.262586943196581851e+05
1.175994307049037743e+05
1.647933392738153052e+05
1.838331085068588436e+05
1.110192946198918653e+05
1.141514555205031065e+05
1.388889726304775977e+05
1.232794062334260379e+05
3.733025093662953586e+05
2.778679531799985562e+05
3.579850491125229164e+05
4.373693505811860086e+05
3.409048591701047844e+05
4.534568606914028060e+05
4.605613642382691032e+05
3.959863308578297147e+05
4.768535535424022819e+05
2.763652709339315188e+05
3.582666192073011189e+05
3.476493946992429555e+05
3.418845756902361172e+05
3.364112374002539436e+05
3.262019007995800930e+05
2.570176267564131122e+05
2.530838400074352976e+05
2.507843093951309274e+05
1.984346619812543504e+05
1.931665386658168572e+05
2.030792041726275056e+05
2.304418547042331484e+05
2.894914586707578273e+05
2.125045909489215701e+05
2.041114524745949893e+05
1.755477646766657126e+05
1.714214838623723190e+05
1.744603164086732431e+05
1.826957058680725459e+05
1.999039430497981666e+05
1.918472095800579118e+05
1.790200153182562790e+05
1.843821058688549092e+05
1.864271678760929790e+05
2.362512155574348581e+05
1.810714858797067427e+05
2.023754768514037132e+05
1.918481178018318897e+05
2.159444538042519125e+05
1.820886566931101261e+05
2.009810068625986169e+05
2.221585917329861841e+05
1.948591089854839374e+05
1.818769578182867845e+05
3.363413855503642699e+05
4.020504041399959242e+05
3.223587334467163892e+05
2.589837767379915167e+05
2.961258105133952340e+05
3.007937106557828374e+05
1.976699985282506095e+05
2.609170804681005247e+05
2.248310889803597820e+05
3.889316832262169337e+05
2.105246303973955510e+05
2.395386863074037828e+05
2.336092662960897142e+05
2.213540671236257476e+05
2.315169141724112269e+05
2.145233779132195923e+05
1.980399312804783694e+05
2.471075243176879012e+05
1.837777470952035510e+05
3.224713570323961321e+05
2.543468852715713438e+05
2.532817920493741403e+05
2.337813987901530927e+05
1.408022216312403325e+05
1.468956437669237785e+05
1.527258883863311785e+05
1.876292471338544274e+05
2.009515582869392820e+05
1.342056196940398950e+05
1.160553465056527202e+05
1.475048390122391575e+05
2.513343137239474454e+05
1.401815573921565665e+05
1.577101209702149208e+05
2.165823377358641592e+05
1.900333289712023106e+05
2.190625882403822616e+05
2.153715150575287116e+05
2.135407202309416025e+05
1.683198364992649877e+05
1.658008174309613241e+05
1.953042276479773864e+05
2.931546168541253428e+05
3.183071692076157779e+05
2.469951266140693042e+05
2.705870915429048473e+05
3.252181440202001249e+05
1.477765031581840594e+05
1.983381853362225811e+05
1.520325611726702191e+05
1.703487458012186980e+05
2.158169206197061285e+05
2.031374447515318752e+05
2.442864111366754805e+05
1.607016303742834425e+05
1.331108400352458702e+05
1.378404437054055452e+05
1.080627622341043316e+05
1.144073239575572370e+05
1.502610987926373491e+05
1.452937054372626008e+05
1.132124552701326611e+05
1.710157232590582571e+05
1.429387958065019920e+05
2.133650224347666372e+05
1.448255769269162265e+05
2.210205818830860953e+05
1.339926824223138392e+05
6.889218177910680242e+04
6.738228723680909025e+04
1.237448647744036862e+05
1.375934275709757057e+05
1.495394375681038073e+05
1.581176130727980635e+05
1.582964385318349814e+05
1.392007283035225119e+05
1.251101708348394022e+05
1.526848504255611915e+05
1.186328915668703412e+05
1.738012863119216636e+05
1.117132684132574941e+05
1.589289857138634252e+05
1.289896158475619013e+05
1.660100587408294959e+05
1.330436731995084265e+05
1.287270710299542261e+05
1.307967412701361900e+05
1.327741372505252075e+05
1.253157027006223943e+05
1.196266793752499507e+05
1.442416173227275722e+05
1.053427559205973375e+05
1.145840263087143103e+05
1.657577235112123890e+05
1.871032256377599842e+05
1.285897561188559339e+05
1.317698317677855084e+05
1.833943491772624839e+05
1.115853324104169442e+05
1.329743103774647752e+05
1.075997665783274861e+05
1.489133887753171730e+05
1.471240979825792892e+05
1.381136097782290308e+05
1.533043151876506745e+05
1.037121887440103746e+05
1.000902436087885144e+05
1.210746492869220383e+05
1.008481618452449184e+05
1.256970562659422430e+05
9.408306084949042997e+04
9.599875880546319240e+04
1.296707739225503174e+05
1.344726693572415097e+05
9.368930395156542363e+04
1.345504617251694144e+05
1.818471826385174936e+05
1.279875567516015872e+05
1.137729199919065140e+05
1.599153965615128400e+05
1.162745694801749487e+05
1.895366846256461577e+05
9.356823212304324261e+04
1.179871141347235098e+05
1.204796433268739784e+05
1.370932208108645282e+05
1.402500207814261958e+05
1.320278198832600610e+05
1.078517300345677359e+05
1.422995513914236508e+05
1.316033691046961467e+05
1.347855974286675628e+05
1.253545583948237181e+05
1.669846481875408790e+05
1.442660780922072881e+05
1.183356598167734774e+05
1.286812416442029644e+05
8.504400186970271170e+04
8.277229154501266021e+04
2.003415688749364926e+05
2.193792064602207392e+05
1.632149861041273980e+05
1.167517795672919165e+05
7.344665501347849204e+04
2.074304230008625891e+05
1.155076059109482012e+05
1.271477346973549138e+05
1.535739357679872483e+05
1.057433614486961160e+05
1.555586700898476993e+05
1.202654146731461660e+05
1.247584496392586734e+05
1.099165185979237140e+05
1.211262380155295104e+05
1.232330434341693763e+05
1.459422896180956450e+05
1.607378069345164404e+05
1.685185849423327891e+05
1.585360700529736641e+05
1.446790059452623245e+05
9.500735194315077388e+04
2.020248860301130917e+05
1.613917104666060768e+05
1.516719606187545287e+05
9.061167034919948492e+04
2.383000611351646075e+05
1.521291174249533506e+05
1.055254501652982581e+05
8.442170400951597549e+04
1.158941458631044225e+05
1.367741132468077412e+05
1.451782507363054028e+05
9.754503601548247389e+04
1.699280921130672505e+05
2.282173110293376958e+05
2.463682409681414429e+05
2.748190419753612368e+05
2.468634277815870009e+05
2.212018313583636482e+05
2.200717424637521908e+05
1.742452329328478954e+05
2.102963100337063952e+05
2.274758373750931933e+05
2.707373314247379312e+05
1.498097485436900461e+05
1.791117461344912299e+05
1.499970590772400319e+05
1.579103966961357510e+05
2.396287227701173688e+05
2.220621160603249155e+05
1.880971914577962016e+05
2.237936998746028985e+05
1.165330133745983185e+05
1.355045398080309969e+05
1.492197089784129639e+05
1.396021778985511628e+05
1.196842546003949683e+05
1.281354889376319625e+05
1.351284886498574633e+05
1.317483492192394333e+05
2.569596368202639278e+05
2.252809355377978354e+05
1.934535049324218417e+05
2.353108000779972353e+05
2.837682778874522774e+05
2.338798124299134361e+05
2.459971156744747714e+05
1.832208500790972321e+05
1.907305829064798891e+05
1.799193496372300142e+05
1.813338334549460560e+05
1.633118418015956122e+05
1.163884999706787785e+05
1.169077404743322550e+05
1.384021871723537624e+05
1.186885544900600653e+05
1.359097159369323635e+05
1.516986195505724172e+05
1.527833900477544521e+05
6.415362293684696779e+05
1.411385610904276255e+05
1.278261205172573536e+05
7.650606591125758132e+04
9.351857309619098669e+04
1.130127895130318211e+05
9.573452528964693192e+04
1.047341701288190525e+05
1.438056390085637104e+05
1.446671102200650203e+05
1.567885602656230039e+05
1.475791867041470250e+05
1.431300411004739581e+05
1.514504408769098518e+05
1.997349422914274037e+05
1.364095638796356798e+05
1.557021559788227896e+05
1.446303211819965218e+05
2.054249780094382877e+05
2.364537070028041198e+05
1.161445748665820865e+05
1.915983712660275341e+05
1.469815141881895543e+05
2.242853200114447973e+05
3.039293978161760024e+05
1.333647310792937642e+05
1.177657875760531315e+05
1.511372179010651307e+05
8.327471106775187945e+04
6.269470375961922400e+04
8.519480083323342842e+04
9.324687510264402954e+04
1.055579430078420992e+05
2.711868815955611062e+05
1.800982431735863502e+05
1.883295887936832441e+05
2.233596459637506632e+05
2.001877575742763584e+05
1.334464197981437319e+05
1.509216715950368380e+05
1.967403432626020222e+05
2.360273613315319817e+05
2.109702029858881433e+05
2.520652514592833759e+05
1.871454232443335350e+05
2.086889518640021561e+05
2.784750730718019186e+05
1.864314833136484376e+05
2.806455923807513318e+05
3.422320111573904287e+05
1.494824815730744740e+05
1.405476091187067505e+05
8.621345105950726429e+04
9.415169727303893887e+04
9.225047061690523697e+04
8.360594118079067266e+04
1.440536845498874900e+05
2.035537600228833035e+05
1.965669339203275449e+05
1.760244330980168597e+05
1.095021200831487222e+05
1.221374696656796441e+05
1.662662702981895127e+05
1.279833033232220332e+05
1.221443925428285002e+05
1.520964450211848307e+05
1.440522687784343725e+05
1.804117601081820030e+05
1.961459068573521508e+05
1.955981206310538983e+05
1.872191268344812852e+05
1.736580806691073230e+05
1.774520398909097130e+05
2.375778444437140133e+05
3.014266213901359588e+05
2.851674426433079643e+05
1.744512271722577570e+05
1.667911216772638145e+05
4.773673471196518512e+05
4.994200801659455174e+05
3.923136687651015818e+05
4.742924544599057408e+05
4.132918737735737814e+05
3.148387727413200191e+05
4.446127343833869090e+05
1.613854801283163833e+05
1.717430950052141561e+05
1.809081299662638048e+05
2.530501323951476079e+05
1.945100224792663066e+05
1.502105110184259247e+05
1.035386269723361766e+05
1.882418017682899954e+05
1.045268842722580594e+05
1.151196458774884231e+05
1.120910307824000192e+05
9.533896965958755754e+04
1.047844713565522688e+05
1.389068672760667978e+05
1.599909606393806753e+05
1.328780756305562099e+05
1.370731458689266583e+05
3.950201545509675634e+05
2.566413924887348549e+05
2.614947881006701209e+05
4.097317937169626239e+05
3.273093414779400337e+05
3.526406558294048300e+05
3.127017321886602440e+05
3.108046237151604146e+05
3.698992341152150184e+05
3.573520021799870883e+05
3.735812700870123226e+05
2.903821067439203034e+05
2.830973506466751569e+05
3.353975936075455393e+05
2.839548398280540714e+05
1.720592840255778574e+05
1.787208851148808899e+05
1.845974280478152796e+05
2.716481755743810791e+05
1.890755937418873073e+05
1.948283920780685439e+05
1.962000259989285842e+05
1.912574206649926782e+05
1.716059727306712884e+05
1.957604275055360922e+05
2.008105870408174233e+05
2.451607210171812621e+05
2.817515274194373051e+05
2.917818128801522544e+05
4.006809572350091184e+05
3.168130993758034892e+05
5.000466439631477697e+05
3.215522108719328535e+05
3.238999046541983262e+05
2.392001649893733847e+05
3.032301955110170529e+05
2.159248280812159937e+05
2.092159410624071024e+05
3.957798110269835452e+05
1.908488659866924863e+05
1.445431895539001271e+05
2.021382181547000073e+05
1.403321771015161357e+05
1.934292439075857401e+05
1.853540986070094223e+05
1.847638853994899546e+05
1.963477256388709939e+05
1.704308960644410108e+05
1.540019510872006649e+05
1.524588402783117490e+05
1.128856099892737984e+05
1.295709443236514635e+05
1.406545744499025459e+05
1.127447359065313358e+05
1.109626788084452419e+05
1.227586011333488714e+05
1.317450116651897843e+05
1.042550611686681805e+05
1.270363612802892603e+05
2.519886896178026800e+05
3.908411120392747107e+05
1.685054537359686219e+05
1.526066063984707580e+05
1.688325277306840289e+05
1.462952883861759619e+05
1.967616664133250015e+05
2.171927166258288198e+05
1.513750019916052697e+05
1.745611496826513030e+05
1.286249848012087896e+05
1.595208339416858798e+05
1.405814040150025685e+05
1.244253772105340031e+05
1.289515257970370731e+05
1.487105719442295376e+05
1.734281172778084874e+05
1.904457674875274824e+05
1.491313339145027858e+05
1.487722056374623789e+05
1.345614010444203741e+05
1.355695390229483892e+05
1.598333753692130849e+05
1.383364804741293774e+05
1.333101644616689300e+05
1.333049625576130929e+05
1.191667846249855502e+05
1.393169037901333941e+05
1.568664354259207903e+05
1.351327290922731336e+05
1.462967387832464883e+05
1.552270936938326049e+05
1.606320512070212571e+05
1.640711698324177123e+05
1.404915393508670968e+05
1.368025226072811929e+05
1.530058834374239668e+05
1.300761067999825027e+05
1.280405291916496062e+05
1.245544463067402539e+05
1.345422512175037118e+05
2.092706578574361629e+05
1.458363196313756343e+05
1.973074411651747359e+05
1.390674762513536552e+05
9.623144799260038417e+04
7.378347757271163573e+04
8.971850963463813241e+04
1.659219205873570754e+05
1.205209229695131944e+05
1.400731396490745537e+05
1.437148341876296327e+05
1.870081794991354400e+05
1.501891827415616426e+05
2.910833255223539891e+05
1.309501291901541845e+05
8.759022752610102179e+04
1.301766984634831315e+05
1.319331351188838307e+05
1.399817064353843452e+05
1.034007967400984489e+05
1.095423024102740601e+05
1.646454549776750500e+05
1.427178664823332219e+05
1.149670239788199688e+05
1.464863395226851280e+05
1.461903695825005125e+05
1.078359230191231181e+05
1.258886438465987885e+05
9.871429105521235033e+04
9.786303380346046470e+04
9.957509145108339726e+04
9.658691886725422228e+04
1.201978872547805804e+05
1.368185309424296138e+05
6.686873049248430470e+04
1.289246083853323653e+05
7.406751744693036017e+04
1.640589505293362890e+05
9.628769917421405262e+04
1.088078630047327752e+05
5.433354958959800570e+04
1.569165861599816417e+05
1.001904771867859818e+05
1.203997689695512381e+05
9.868228481676576484e+04
1.978241398416018055e+05
1.075929330425704829e+05
1.170199872564164107e+05
7.138978030889848014e+04
1.133138422489775112e+05
1.255415110815120570e+05
1.691153885984329681e+05
1.271585399115994660e+05
9.920343414041151118e+04
8.359410824857394618e+04
1.624279558633933193e+05
1.450090829328215914e+05
1.292626507383424760e+05
1.223679580464111204e+05
1.607234935805087152e+05
1.714731490359090385e+05
1.584918299638430180e+05
1.626457018228832749e+05
9.568370941272458003e+04
2.316064121202402748e+05
1.563276972278085595e+05
1.308451967885808990e+05
1.722140837987522245e+05
1.363851901902479003e+05
1.044180308544772415e+05
1.963024102531093522e+05
2.999017428223348106e+05
1.624691687884502462e+05
1.430116394381231803e+05
1.291749332646190596e+05
1.379698328542378149e+05
2.173807867733304738e+05
2.262863089758697315e+05
2.227307945151761523e+05
1.764851086912790197e+05
2.360191025708180387e+05
3.093890426738466485e+05
2.249548313951421296e+05
2.290113694444477151e+05
1.911846912152561999e+05
1.601574465326519858e+05
1.492134152345696348e+05
1.686329598918978882e+05
2.052066713724660513e+05
2.058087011807159579e+05
2.336355769806698663e+05
1.510585541328701074e+05
1.820611955946553207e+05
1.303050262161843857e+05
2.092637916258998157e+05
2.124499752518529713e+05
2.183341875073625124e+05
1.969466702263997868e+05
2.753555163678387180e+05
2.125476991084635956e+05
2.383723674216605141e+05
2.349919764860422001e+05
1.358878119317564706e+05
2.032994395129026379e+05
2.008115344604186539e+05
1.913596672001476982e+05
2.094468547969055362e+05
1.028195938533090521e+05
1.199807006240660266e+05
1.247840837275720842e+05
1.852048094088707003e+05
1.288493626699758170e+05
2.351501642246576957e+05
1.441068352041008475e+05
1.419969858910145704e+05
9.839931367908135871e+04
9.436572339947162254e+04
9.176956646662148705e+04
1.202244149392842810e+05
8.523080023636780970e+04
4.993843036935372220e+04
9.593815961762565712e+04
1.386042143771500560e+05
1.138377948316348484e+05
1.656817223904380517e+05
1.479411434337224346e+05
1.613714005800151790e+05
1.340730802509429923e+05
1.057342794359705149e+05
1.416349303226200573e+05
1.810914170623519458e+05
1.940701412085448392e+05
2.023569551666509360e+05
1.873370466957058525e+05
2.311539677207396890e+05
1.028459869472332502e+05
1.466632833822479588e+05
6.046644426622477476e+04
8.030500447648791305e+04
1.375799769933909120e+05
4.353504176545115479e+04
7.326891574048371695e+04
5.564098290050785727e+04
3.382047145996223553e+05
2.754736149832791998e+05
2.136600950267268054e+05
1.538860914899774070e+05
2.116700553709288070e+05
1.600082568968115083e+05
2.159296846276496362e+05
1.855094335722096148e+05
3.239941032944244216e+05
3.396274008861808106e+05
8.452587310640321812e+04
1.972683053415147879e+05
1.153434803678932803e+05
1.296345792638700077e+05
1.590881052870163694e+05
7.711370832737990713e+04
8.352274643801565981e+04
1.519152634210772812e+05
8.365031290032863035e+04
8.101594342606553982e+04
8.949842477504500130e+04
8.579178076634838362e+04
1.690235572669887333e+05
1.189424138747655670e+05
2.284031781334769039e+05
