1.188821015625000000e+05
1.612659062500000000e+05
1.877714843750000000e+05
1.849537968750000000e+05
1.901888281250000000e+05
1.746735312500000000e+05
1.763493437500000000e+05
1.628865468750000000e+05
1.898590000000000000e+05
1.241515312500000000e+05
1.987947500000000000e+05
9.424276562500000000e+04
9.644328906250000000e+04
1.534155781250000000e+05
1.362709375000000000e+05
3.874437812500000000e+05
2.709902812500000000e+05
2.837274062500000000e+05
3.037073437500000000e+05
4.468468750000000000e+05
3.451698437500000000e+05
2.009204843750000000e+05
1.739362968750000000e+05
1.704600000000000000e+05
1.790738437500000000e+05
1.889891718750000000e+05
3.560876875000000000e+05
2.349136875000000000e+05
2.086511093750000000e+05
2.151367187500000000e+05
1.922821250000000000e+05
9.166459375000000000e+04
1.892243437500000000e+05
3.130819375000000000e+05
3.045450000000000000e+05
2.283450000000000000e+05
1.803085468750000000e+05
1.624354531250000000e+05
1.609494062500000000e+05
1.432169375000000000e+05
1.723644218750000000e+05
1.454061250000000000e+05
2.836527500000000000e+05
2.437024687500000000e+05
2.222309062500000000e+05
1.881936718750000000e+05
2.483034687500000000e+05
2.010362656250000000e+05
1.649487656250000000e+05
1.477703437500000000e+05
1.461206406250000000e+05
1.684416093750000000e+05
1.394770000000000000e+05
1.724032343750000000e+05
1.959082187500000000e+05
1.609653750000000000e+05
1.607317500000000000e+05
1.355332187500000000e+05
2.149687500000000000e+05
1.326391250000000000e+05
1.360592656250000000e+05
1.748491875000000000e+05
1.124385312500000000e+05
1.225773906250000000e+05
1.228527656250000000e+05
1.204550703125000000e+05
1.055137031250000000e+05
1.308512500000000000e+05
1.524497656250000000e+05
1.814328437500000000e+05
1.037869453125000000e+05
9.785878906250000000e+04
1.417518437500000000e+05
1.244800546875000000e+05
1.582700000000000000e+05
1.039978828125000000e+05
7.224745312500000000e+04
1.661537187500000000e+05
1.937881875000000000e+05
9.133108593750000000e+04
1.381206093750000000e+05
1.462709531250000000e+05
2.117853593750000000e+05
7.197725000000000000e+04
1.012218437500000000e+05
1.246628906250000000e+05
1.255688906250000000e+05
1.304968281250000000e+05
1.098415156250000000e+05
1.430195781250000000e+05
1.129930937500000000e+05
1.416977812500000000e+05
1.656607031250000000e+05
1.179480546875000000e+05
1.635708750000000000e+05
8.333588281250000000e+04
1.092964765625000000e+05
9.187744531250000000e+04
5.709023828125000000e+04
1.442484218750000000e+05
1.258395781250000000e+05
1.302892812500000000e+05
1.198702812500000000e+05
1.596811875000000000e+05
1.517432343750000000e+05
2.296010468750000000e+05
8.014459375000000000e+04
2.259754375000000000e+05
1.403085625000000000e+05
1.302735000000000000e+05
1.280975625000000000e+05
1.498857031250000000e+05
2.532689375000000000e+05
1.236864921875000000e+05
2.210645000000000000e+05
2.199300312500000000e+05
1.940310000000000000e+05
1.426687812500000000e+05
1.444119375000000000e+05
1.908312656250000000e+05
1.496875781250000000e+05
1.279904687500000000e+05
3.294927812500000000e+05
2.168873437500000000e+05
1.420202968750000000e+05
7.295013281250000000e+04
9.885835156250000000e+04
1.529497031250000000e+05
9.648422656250000000e+04
1.366650312500000000e+05
9.660235937500000000e+04
1.114456875000000000e+05
1.266284765625000000e+05
1.220510703125000000e+05
1.153783984375000000e+05
2.341945312500000000e+05
1.882451875000000000e+05
2.112437500000000000e+05
1.801176093750000000e+05
1.702150312500000000e+05
7.147707031250000000e+04
1.064347109375000000e+05
7.545702343750000000e+04
2.739773750000000000e+05
2.426012343750000000e+05
1.676700625000000000e+05
1.613897656250000000e+05
2.200785781250000000e+05
1.992345000000000000e+05
1.498556875000000000e+05
1.383558125000000000e+05
1.588844531250000000e+05
1.552285937500000000e+05
1.231982890625000000e+05
8.701887500000000000e+04
7.211878906250000000e+04
9.212399218750000000e+04
1.256139218750000000e+05
1.444365937500000000e+05
1.609991406250000000e+05
1.367351562500000000e+05
1.376600937500000000e+05
2.741953750000000000e+05
1.994398125000000000e+05
1.270920859375000000e+05
1.673001406250000000e+05
1.838306406250000000e+05
2.892450937500000000e+05
1.813555156250000000e+05
3.707058437500000000e+05
2.217917812500000000e+05
2.527865625000000000e+05
1.697004062500000000e+05
1.806667343750000000e+05
1.764756875000000000e+05
1.557973593750000000e+05
1.946680468750000000e+05
1.926812031250000000e+05
1.840934531250000000e+05
2.455152656250000000e+05
1.862027500000000000e+05
2.174083906250000000e+05
2.245761875000000000e+05
2.273216250000000000e+05
1.865703437500000000e+05
1.574456093750000000e+05
1.671119687500000000e+05
1.342231250000000000e+05
1.341172968750000000e+05
1.194981875000000000e+05
1.237774765625000000e+05
9.646205468750000000e+04
9.546614843750000000e+04
1.553180312500000000e+05
1.578958125000000000e+05
1.475078906250000000e+05
1.556913125000000000e+05
1.477816250000000000e+05
1.402986562500000000e+05
1.500109687500000000e+05
4.383532812500000000e+05
4.450920625000000000e+05
4.042973125000000000e+05
3.784375937500000000e+05
2.967882812500000000e+05
3.198808125000000000e+05
3.514813125000000000e+05
3.198567187500000000e+05
2.936020312500000000e+05
3.596658437500000000e+05
2.482648750000000000e+05
4.406359062500000000e+05
3.012717500000000000e+05
2.473342343750000000e+05
1.813226562500000000e+05
1.807722187500000000e+05
2.183115625000000000e+05
4.382207812500000000e+05
3.958439062500000000e+05
3.307647187500000000e+05
2.330282187500000000e+05
3.209980625000000000e+05
1.755757187500000000e+05
1.780495468750000000e+05
1.731615468750000000e+05
1.720781562500000000e+05
1.689820625000000000e+05
1.864927968750000000e+05
1.924788125000000000e+05
1.927330312500000000e+05
1.763585937500000000e+05
2.909457187500000000e+05
1.634512656250000000e+05
1.854639062500000000e+05
1.683293593750000000e+05
2.878318125000000000e+05
1.720990000000000000e+05
3.775551250000000000e+05
3.244042500000000000e+05
2.402067187500000000e+05
2.695836562500000000e+05
2.556595312500000000e+05
2.467061875000000000e+05
2.840428125000000000e+05
2.179878437500000000e+05
3.623018437500000000e+05
2.122619531250000000e+05
2.039742187500000000e+05
2.693929375000000000e+05
2.148677031250000000e+05
2.677555000000000000e+05
2.736827812500000000e+05
2.670445312500000000e+05
2.232211562500000000e+05
2.033526875000000000e+05
1.891649843750000000e+05
1.811292656250000000e+05
1.360747187500000000e+05
1.963938437500000000e+05
2.544748906250000000e+05
1.760312656250000000e+05
1.256188359375000000e+05
1.550242812500000000e+05
2.173609062500000000e+05
2.414375000000000000e+05
1.794595312500000000e+05
1.547234218750000000e+05
1.742127031250000000e+05
1.640097968750000000e+05
1.561479687500000000e+05
1.241887109375000000e+05
1.298174765625000000e+05
1.203388750000000000e+05
1.211184609375000000e+05
1.317738125000000000e+05
1.161405781250000000e+05
3.156211562500000000e+05
2.075401562500000000e+05
2.660675937500000000e+05
2.063744843750000000e+05
1.898865312500000000e+05
1.723644218750000000e+05
1.763801250000000000e+05
2.972930625000000000e+05
2.150581562500000000e+05
1.859365781250000000e+05
2.167918125000000000e+05
2.297140625000000000e+05
1.480969531250000000e+05
1.289494218750000000e+05
2.422378125000000000e+05
1.231742031250000000e+05
1.467945781250000000e+05
2.037310156250000000e+05
1.662594531250000000e+05
1.285560078125000000e+05
1.210189375000000000e+05
1.367744218750000000e+05
1.580722343750000000e+05
1.667154531250000000e+05
1.432592812500000000e+05
1.831625000000000000e+05
1.764913437500000000e+05
1.147941640625000000e+05
1.581483906250000000e+05
1.781139218750000000e+05
2.236957343750000000e+05
1.486754531250000000e+05
1.819242187500000000e+05
1.459902656250000000e+05
1.300677968750000000e+05
1.376757031250000000e+05
1.299172968750000000e+05
1.447880000000000000e+05
1.416702031250000000e+05
1.230012968750000000e+05
1.113809843750000000e+05
1.349019843750000000e+05
1.147390000000000000e+05
1.879151562500000000e+05
1.346165468750000000e+05
9.542982812500000000e+04
1.345671250000000000e+05
9.936858593750000000e+04
1.180751171875000000e+05
1.445812968750000000e+05
1.644834843750000000e+05
5.131170312500000000e+04
1.021123046875000000e+05
7.656794531250000000e+04
1.721301875000000000e+05
1.542863906250000000e+05
1.299414609375000000e+05
1.422529062500000000e+05
1.340330468750000000e+05
1.199257421875000000e+05
1.125294921875000000e+05
1.256045781250000000e+05
1.129540937500000000e+05
1.246527812500000000e+05
1.219973046875000000e+05
1.423594531250000000e+05
1.509289375000000000e+05
1.392891718750000000e+05
1.392363125000000000e+05
1.184355546875000000e+05
1.308646015625000000e+05
1.234096015625000000e+05
1.150147578125000000e+05
1.542032812500000000e+05
9.303746093750000000e+04
9.825642187500000000e+04
1.176550625000000000e+05
9.776653906250000000e+04
5.042216796875000000e+04
8.937812500000000000e+04
1.147143828125000000e+05
1.344741250000000000e+05
1.188977421875000000e+05
4.925571484375000000e+04
1.107708203125000000e+05
1.665657500000000000e+05
3.668459375000000000e+04
1.368070312500000000e+05
1.307686640625000000e+05
9.560107812500000000e+04
1.030614921875000000e+05
1.402130468750000000e+05
1.083509140625000000e+05
1.389941875000000000e+05
1.587416250000000000e+05
7.739290625000000000e+04
1.396620156250000000e+05
1.196136875000000000e+05
1.320654375000000000e+05
1.294923984375000000e+05
8.553505468750000000e+04
1.180181562500000000e+05
8.054503125000000000e+04
1.534605000000000000e+05
1.414234531250000000e+05
7.412601562500000000e+04
1.287296093750000000e+05
1.400741875000000000e+05
1.308173125000000000e+05
1.502857656250000000e+05
1.519697343750000000e+05
5.427308203125000000e+04
1.154442109375000000e+05
1.220393125000000000e+05
1.629249218750000000e+05
1.304867500000000000e+05
1.290322109375000000e+05
1.778179218750000000e+05
1.311015625000000000e+05
2.169355468750000000e+05
1.496557343750000000e+05
1.339655625000000000e+05
1.257591953125000000e+05
1.457740781250000000e+05
1.257591953125000000e+05
3.503177500000000000e+05
3.385550000000000000e+05
3.385550000000000000e+05
3.145688125000000000e+05
3.317626875000000000e+05
2.372660781250000000e+05
3.011904687500000000e+05
2.030122343750000000e+05
2.300821875000000000e+05
2.580667812500000000e+05
1.709299687500000000e+05
2.320046406250000000e+05
1.486072656250000000e+05
2.082300781250000000e+05
1.876599531250000000e+05
2.110717812500000000e+05
1.930886562500000000e+05
1.305174921875000000e+05
1.389993593750000000e+05
2.423306875000000000e+05
2.576524218750000000e+05
1.850155468750000000e+05
1.984863437500000000e+05
2.594573593750000000e+05
3.209714375000000000e+05
2.018806562500000000e+05
2.770084687500000000e+05
1.577570312500000000e+05
1.187109140625000000e+05
1.377559531250000000e+05
1.051107578125000000e+05
1.239290156250000000e+05
1.290533828125000000e+05
1.354511718750000000e+05
1.272652812500000000e+05
1.024804843750000000e+05
1.090175859375000000e+05
1.535909531250000000e+05
1.622334062500000000e+05
1.659475468750000000e+05
1.417608906250000000e+05
2.234469218750000000e+05
1.523324843750000000e+05
1.982682031250000000e+05
1.536277343750000000e+05
1.949558281250000000e+05
1.162631484375000000e+05
1.413141093750000000e+05
1.241183828125000000e+05
2.153976562500000000e+05
3.199134687500000000e+05
1.456797031250000000e+05
4.897555859375000000e+04
3.036508750000000000e+05
6.201032421875000000e+04
2.775420937500000000e+05
1.384120312500000000e+05
1.587793281250000000e+05
1.370169843750000000e+05
4.200420625000000000e+05
3.308820625000000000e+05
2.115185156250000000e+05
2.162559531250000000e+05
1.962867343750000000e+05
3.990360625000000000e+05
1.365301875000000000e+05
1.616604218750000000e+05
1.216281171875000000e+05
1.280980546875000000e+05
1.408348750000000000e+05
1.398339375000000000e+05
1.725277343750000000e+05
1.772082968750000000e+05
1.712223281250000000e+05
1.892680156250000000e+05
1.781300468750000000e+05
1.765846093750000000e+05
2.435656250000000000e+05
1.892853593750000000e+05
1.677158125000000000e+05
1.862814375000000000e+05
2.001870000000000000e+05
3.709604687500000000e+05
4.009885000000000000e+05
1.394287187500000000e+05
3.181594062500000000e+05
1.813410000000000000e+05
2.339706250000000000e+05
1.839442812500000000e+05
2.562646718750000000e+05
2.064223125000000000e+05
1.665945000000000000e+05
1.873387968750000000e+05
1.340101562500000000e+05
3.042468437500000000e+05
1.547551562500000000e+05
3.338533437500000000e+05
1.380392343750000000e+05
1.168009218750000000e+05
1.210362500000000000e+05
9.767417968750000000e+04
1.016660937500000000e+05
1.065029375000000000e+05
1.477337031250000000e+05
1.471712187500000000e+05
2.931132812500000000e+05
4.346359687500000000e+05
4.050019687500000000e+05
4.520435000000000000e+05
4.246150000000000000e+05
3.971291250000000000e+05
2.638336875000000000e+05
3.347160312500000000e+05
5.007910312500000000e+05
2.716498437500000000e+05
3.726767187500000000e+05
3.533196250000000000e+05
3.338912500000000000e+05
1.996801875000000000e+05
3.424265625000000000e+05
2.139651093750000000e+05
1.983690156250000000e+05
1.693127500000000000e+05
2.210742031250000000e+05
2.164125468750000000e+05
1.855693593750000000e+05
1.736225625000000000e+05
1.877707656250000000e+05
2.115857031250000000e+05
2.259997968750000000e+05
2.053913750000000000e+05
1.682231250000000000e+05
2.341382500000000000e+05
1.888081250000000000e+05
2.506378750000000000e+05
3.106976562500000000e+05
3.295851562500000000e+05
2.540079062500000000e+05
3.127799375000000000e+05
2.580077187500000000e+05
2.421953125000000000e+05
2.705977500000000000e+05
2.673566875000000000e+05
2.105783750000000000e+05
2.189453906250000000e+05
2.524314687500000000e+05
2.222285625000000000e+05
1.915498437500000000e+05
1.980138593750000000e+05
1.495575781250000000e+05
1.815642187500000000e+05
1.792980468750000000e+05
1.828085937500000000e+05
2.108207031250000000e+05
1.872073593750000000e+05
1.912052656250000000e+05
1.224587890625000000e+05
1.393007187500000000e+05
1.048178593750000000e+05
1.126126953125000000e+05
1.806260781250000000e+05
1.454008593750000000e+05
2.440755468750000000e+05
3.326256875000000000e+05
1.770314531250000000e+05
1.493103125000000000e+05
1.547950000000000000e+05
1.660130781250000000e+05
2.648506562500000000e+05
2.228433906250000000e+05
2.405967031250000000e+05
2.676531250000000000e+05
1.652003437500000000e+05
2.137146718750000000e+05
1.947144531250000000e+05
2.009126406250000000e+05
3.006787500000000000e+05
2.278553437500000000e+05
2.555491093750000000e+05
2.848984687500000000e+05
1.987151406250000000e+05
1.726118281250000000e+05
1.667623593750000000e+05
2.030786406250000000e+05
1.400449375000000000e+05
1.523627031250000000e+05
1.403425468750000000e+05
1.382306406250000000e+05
1.825175000000000000e+05
1.057619375000000000e+05
1.298190859375000000e+05
1.489274843750000000e+05
8.245905468750000000e+04
1.619539218750000000e+05
1.346614843750000000e+05
1.204904609375000000e+05
2.167628750000000000e+05
1.295573750000000000e+05
1.734570625000000000e+05
1.877773906250000000e+05
1.342428437500000000e+05
1.133475312500000000e+05
1.458495781250000000e+05
1.237099687500000000e+05
1.599137500000000000e+05
9.665386718750000000e+04
1.502509375000000000e+05
8.497996093750000000e+04
1.134943125000000000e+05
8.994041406250000000e+04
1.291783671875000000e+05
1.382749375000000000e+05
1.927784375000000000e+05
1.505791406250000000e+05
1.264257578125000000e+05
1.524166250000000000e+05
1.296311562500000000e+05
1.313922031250000000e+05
1.192073671875000000e+05
1.312290312500000000e+05
1.273111718750000000e+05
1.507578906250000000e+05
1.164601171875000000e+05
1.175253125000000000e+05
1.187974375000000000e+05
1.229013906250000000e+05
9.646012500000000000e+04
7.281778906250000000e+04
1.303274375000000000e+05
1.256387187500000000e+05
1.280598203125000000e+05
1.199179609375000000e+05
1.254252656250000000e+05
1.355616562500000000e+05
7.886557031250000000e+04
9.298184375000000000e+04
1.387319687500000000e+05
5.498642187500000000e+04
7.739999218750000000e+04
1.273196718750000000e+05
1.200748593750000000e+05
1.003122656250000000e+05
1.380604218750000000e+05
1.238467812500000000e+05
7.206818750000000000e+04
2.134686093750000000e+05
1.150691718750000000e+05
1.122595937500000000e+05
1.272769375000000000e+05
1.466234531250000000e+05
1.383988281250000000e+05
1.209623984375000000e+05
1.098918125000000000e+05
1.694967656250000000e+05
1.221583203125000000e+05
1.608849531250000000e+05
1.181982656250000000e+05
1.035638828125000000e+05
1.118691875000000000e+05
9.141020312500000000e+04
1.010856250000000000e+05
8.794972656250000000e+04
1.706379375000000000e+05
1.366766250000000000e+05
1.547902812500000000e+05
1.519301718750000000e+05
1.296419140625000000e+05
1.042099531250000000e+05
1.418926406250000000e+05
1.493137343750000000e+05
1.141359140625000000e+05
1.225792578125000000e+05
1.133956406250000000e+05
9.973143750000000000e+04
7.046520312500000000e+04
1.061144375000000000e+05
1.345788125000000000e+05
1.512812812500000000e+05
1.456662343750000000e+05
1.466959062500000000e+05
1.248186093750000000e+05
1.447215937500000000e+05
1.219341484375000000e+05
1.354810000000000000e+05
1.656313281250000000e+05
1.381124375000000000e+05
1.205666640625000000e+05
1.413889218750000000e+05
2.207438593750000000e+05
1.183925312500000000e+05
1.758703437500000000e+05
1.635035000000000000e+05
1.037539921875000000e+05
1.307588125000000000e+05
2.965206250000000000e+05
2.214899375000000000e+05
2.328800468750000000e+05
2.143265937500000000e+05
1.804332500000000000e+05
2.411535312500000000e+05
4.055728750000000000e+05
3.289897500000000000e+05
2.617103593750000000e+05
1.813294062500000000e+05
1.494917031250000000e+05
2.217742187500000000e+05
1.972738593750000000e+05
1.985448437500000000e+05
2.177881406250000000e+05
1.533373281250000000e+05
1.373612187500000000e+05
1.659891718750000000e+05
2.319117343750000000e+05
3.301570937500000000e+05
3.323127187500000000e+05
2.415807656250000000e+05
2.086288125000000000e+05
1.421334375000000000e+05
2.246957343750000000e+05
1.882342343750000000e+05
2.198014843750000000e+05
1.865070156250000000e+05
1.255332031250000000e+05
1.210203203125000000e+05
1.485626406250000000e+05
1.531799062500000000e+05
1.624774375000000000e+05
1.963737968750000000e+05
8.784711718750000000e+04
8.833446093750000000e+04
9.639363281250000000e+04
9.859057812500000000e+04
9.865595312500000000e+04
1.123057500000000000e+05
9.840589843750000000e+04
1.127172421875000000e+05
1.627274062500000000e+05
1.735321875000000000e+05
1.425847187500000000e+05
1.346376093750000000e+05
2.228302187500000000e+05
1.542846250000000000e+05
1.751544375000000000e+05
1.154936562500000000e+05
1.452171093750000000e+05
2.167481875000000000e+05
2.541649375000000000e+05
2.208914843750000000e+05
1.244627187500000000e+05
1.194675312500000000e+05
1.163218125000000000e+05
1.007521406250000000e+05
1.223574609375000000e+05
1.015833281250000000e+05
1.471237812500000000e+05
7.585060156250000000e+04
6.091191406250000000e+04
6.997206250000000000e+04
5.412653906250000000e+04
3.021392500000000000e+05
2.643366250000000000e+05
2.979254375000000000e+05
2.097460000000000000e+05
1.207625234375000000e+05
1.793522656250000000e+05
2.027550781250000000e+05
2.706225000000000000e+05
2.541249375000000000e+05
1.515079531250000000e+05
2.258972187500000000e+05
1.819724531250000000e+05
1.712956718750000000e+05
2.279046718750000000e+05
2.130035312500000000e+05
2.593354062500000000e+05
3.425859687500000000e+05
2.115818750000000000e+05
1.077716328125000000e+05
1.581971093750000000e+05
1.516045156250000000e+05
1.314098750000000000e+05
1.268067265625000000e+05
1.041657343750000000e+05
1.018160078125000000e+05
1.471600000000000000e+05
1.077113203125000000e+05
1.268413203125000000e+05
1.273429843750000000e+05
1.385162187500000000e+05
1.097393203125000000e+05
1.739331406250000000e+05
1.534578750000000000e+05
1.789150937500000000e+05
1.859878281250000000e+05
1.830301406250000000e+05
2.063752656250000000e+05
1.754031718750000000e+05
1.743827500000000000e+05
1.642080937500000000e+05
1.921057968750000000e+05
2.066322656250000000e+05
3.739701562500000000e+05
3.377629375000000000e+05
1.685944531250000000e+05
3.153708125000000000e+05
3.801605000000000000e+05
4.284839687500000000e+05
1.541119843750000000e+05
1.930908593750000000e+05
2.234901875000000000e+05
2.009626562500000000e+05
1.684764687500000000e+05
1.751474218750000000e+05
1.569633125000000000e+05
1.951113281250000000e+05
1.859149531250000000e+05
1.499074375000000000e+05
1.261783437500000000e+05
1.204729921875000000e+05
1.637078906250000000e+05
1.829669687500000000e+05
1.014647187500000000e+05
1.106965781250000000e+05
1.565917656250000000e+05
1.266765468750000000e+05
3.508550312500000000e+05
2.669016875000000000e+05
3.874803750000000000e+05
4.489608750000000000e+05
3.273779062500000000e+05
4.270406250000000000e+05
4.541578125000000000e+05
4.044712500000000000e+05
4.240977812500000000e+05
2.892558750000000000e+05
3.290114062500000000e+05
3.192061250000000000e+05
3.764592500000000000e+05
3.486575937500000000e+05
2.907845625000000000e+05
2.403128125000000000e+05
2.432288125000000000e+05
2.558131875000000000e+05
1.807063750000000000e+05
1.769357500000000000e+05
1.835552500000000000e+05
2.210362500000000000e+05
2.725068750000000000e+05
2.033796406250000000e+05
1.917007968750000000e+05
1.883215000000000000e+05
1.734109218750000000e+05
1.734302656250000000e+05
1.798973437500000000e+05
1.823395312500000000e+05
1.836361406250000000e+05
1.789647500000000000e+05
1.819767968750000000e+05
1.886803281250000000e+05
2.507944843750000000e+05
1.713107031250000000e+05
1.921728750000000000e+05
1.604530000000000000e+05
2.063138750000000000e+05
1.689382343750000000e+05
2.047571250000000000e+05
2.288501250000000000e+05
1.867115000000000000e+05
1.760898593750000000e+05
3.580655312500000000e+05
3.791123750000000000e+05
3.262807500000000000e+05
2.505659375000000000e+05
2.746200937500000000e+05
3.328131875000000000e+05
1.948528437500000000e+05
2.702003437500000000e+05
2.043821562500000000e+05
3.906870625000000000e+05
2.039030312500000000e+05
2.345631093750000000e+05
2.147476562500000000e+05
2.044644218750000000e+05
2.445219531250000000e+05
2.050629531250000000e+05
1.993647031250000000e+05
2.336557656250000000e+05
1.744762343750000000e+05
2.998706250000000000e+05
2.462668437500000000e+05
2.636239375000000000e+05
2.276051406250000000e+05
1.334561406250000000e+05
1.530592968750000000e+05
1.535665000000000000e+05
1.943134062500000000e+05
1.909734531250000000e+05
1.286268906250000000e+05
1.153019453125000000e+05
1.428201718750000000e+05
2.718628750000000000e+05
1.427060625000000000e+05
1.575648750000000000e+05
2.076425000000000000e+05
1.913340468750000000e+05
2.306740625000000000e+05
2.065353437500000000e+05
2.233531718750000000e+05
1.713278593750000000e+05
1.663450937500000000e+05
1.910787500000000000e+05
2.852190000000000000e+05
3.132489062500000000e+05
2.632578750000000000e+05
2.693618750000000000e+05
3.410375625000000000e+05
1.381021718750000000e+05
1.876978906250000000e+05
1.402831406250000000e+05
1.637778437500000000e+05
2.086602656250000000e+05
2.017586250000000000e+05
2.539241093750000000e+05
1.625763281250000000e+05
1.347760937500000000e+05
1.356517968750000000e+05
9.907571093750000000e+04
1.263236718750000000e+05
1.492800000000000000e+05
1.454881093750000000e+05
1.149317500000000000e+05
1.759184843750000000e+05
1.442678125000000000e+05
2.095496718750000000e+05
1.427267656250000000e+05
2.281362656250000000e+05
1.342803593750000000e+05
5.798719140625000000e+04
5.477549609375000000e+04
1.184241484375000000e+05
1.403501718750000000e+05
1.375148281250000000e+05
1.458886718750000000e+05
1.611756562500000000e+05
1.415444843750000000e+05
1.257810312500000000e+05
1.438998281250000000e+05
1.241360234375000000e+05
1.685650312500000000e+05
1.177230781250000000e+05
1.636865000000000000e+05
1.354979375000000000e+05
1.402918281250000000e+05
1.352403750000000000e+05
1.283850937500000000e+05
1.336919218750000000e+05
1.294572109375000000e+05
1.236151484375000000e+05
1.245166250000000000e+05
1.451224062500000000e+05
1.140838984375000000e+05
1.218576562500000000e+05
1.639333281250000000e+05
1.951762656250000000e+05
1.258562656250000000e+05
1.364694062500000000e+05
1.865292500000000000e+05
1.156361640625000000e+05
1.287264140625000000e+05
1.058998046875000000e+05
1.462193437500000000e+05
1.531898437500000000e+05
1.422146562500000000e+05
1.486523437500000000e+05
1.073606796875000000e+05
1.105849453125000000e+05
1.283156875000000000e+05
1.051291015625000000e+05
1.202368906250000000e+05
9.446908593750000000e+04
1.013333046875000000e+05
1.146853984375000000e+05
1.272725703125000000e+05
7.254904687500000000e+04
1.236730468750000000e+05
1.817844375000000000e+05
1.341293281250000000e+05
1.057582031250000000e+05
1.527201406250000000e+05
1.243394531250000000e+05
1.999187500000000000e+05
9.234715625000000000e+04
1.140905312500000000e+05
1.153195390625000000e+05
1.298660156250000000e+05
1.280010859375000000e+05
1.144468828125000000e+05
1.047575937500000000e+05
1.338498593750000000e+05
1.149471015625000000e+05
1.373359375000000000e+05
1.222200781250000000e+05
1.700026718750000000e+05
1.328915937500000000e+05
1.147719453125000000e+05
1.393654375000000000e+05
7.315153906250000000e+04
7.616556250000000000e+04
1.826310312500000000e+05
2.190471093750000000e+05
1.667747656250000000e+05
1.188954765625000000e+05
8.600465625000000000e+04
2.112649062500000000e+05
1.135194296875000000e+05
1.248744531250000000e+05
1.517271718750000000e+05
1.088095390625000000e+05
1.542321093750000000e+05
1.207480156250000000e+05
1.298210625000000000e+05
1.143888359375000000e+05
1.224849531250000000e+05
1.232384765625000000e+05
1.618710000000000000e+05
1.737774531250000000e+05
1.588474843750000000e+05
1.557850312500000000e+05
1.542563750000000000e+05
8.890095312500000000e+04
1.870442343750000000e+05
1.427094687500000000e+05
1.491257500000000000e+05
8.045551562500000000e+04
2.432928437500000000e+05
1.522299531250000000e+05
1.148731250000000000e+05
9.523463281250000000e+04
1.300623437500000000e+05
1.348705937500000000e+05
1.438715625000000000e+05
9.220309375000000000e+04
1.756289843750000000e+05
2.216543281250000000e+05
2.551271093750000000e+05
2.944221875000000000e+05
2.542085625000000000e+05
2.157280156250000000e+05
2.237350000000000000e+05
1.818763437500000000e+05
2.041879218750000000e+05
2.055352031250000000e+05
2.799289062500000000e+05
1.509961718750000000e+05
1.627021093750000000e+05
1.400270312500000000e+05
1.508226093750000000e+05
2.226475312500000000e+05
2.155417031250000000e+05
1.905135937500000000e+05
2.176947031250000000e+05
1.284537968750000000e+05
1.357650468750000000e+05
1.489213750000000000e+05
1.356418281250000000e+05
1.074082031250000000e+05
1.312583281250000000e+05
1.335247500000000000e+05
1.203225781250000000e+05
2.429045156250000000e+05
2.214136875000000000e+05
1.929200468750000000e+05
2.277178281250000000e+05
3.260070625000000000e+05
2.359462656250000000e+05
2.395652343750000000e+05
1.821893437500000000e+05
1.897645156250000000e+05
1.681791718750000000e+05
1.854310156250000000e+05
1.640119843750000000e+05
1.271884843750000000e+05
1.229282343750000000e+05
1.292885468750000000e+05
1.319615781250000000e+05
1.418129531250000000e+05
1.441223281250000000e+05
1.568471875000000000e+05
2.360896562500000000e+05
1.414652656250000000e+05
1.273637578125000000e+05
7.652692187500000000e+04
1.060689062500000000e+05
1.170971562500000000e+05
1.062649218750000000e+05
1.169803984375000000e+05
1.497275468750000000e+05
1.366410468750000000e+05
1.465306406250000000e+05
1.431645000000000000e+05
1.343103281250000000e+05
1.530623593750000000e+05
2.099361250000000000e+05
1.407055937500000000e+05
1.613372968750000000e+05
1.400148906250000000e+05
1.985257187500000000e+05
2.075435156250000000e+05
1.209575468750000000e+05
1.805155312500000000e+05
1.544699843750000000e+05
2.033067343750000000e+05
2.721599062500000000e+05
1.258123437500000000e+05
1.267076015625000000e+05
1.583273593750000000e+05
8.472521875000000000e+04
6.374697265625000000e+04
9.610247656250000000e+04
9.530295312500000000e+04
9.579392187500000000e+04
2.745766250000000000e+05
1.668559062500000000e+05
1.696936093750000000e+05
2.259780312500000000e+05
1.963084531250000000e+05
1.545442500000000000e+05
1.466048593750000000e+05
2.033940000000000000e+05
2.081322031250000000e+05
2.095095000000000000e+05
2.558929687500000000e+05
1.824350156250000000e+05
1.971630781250000000e+05
3.060353750000000000e+05
1.835046718750000000e+05
2.830706562500000000e+05
3.311399687500000000e+05
1.558877187500000000e+05
1.454371875000000000e+05
8.289010937500000000e+04
9.195957812500000000e+04
8.864705468750000000e+04
7.676646093750000000e+04
1.418791093750000000e+05
1.900372500000000000e+05
1.971574375000000000e+05
1.699089843750000000e+05
1.109215703125000000e+05
1.216756796875000000e+05
1.499344531250000000e+05
1.332200000000000000e+05
1.282899921875000000e+05
1.581657343750000000e+05
1.444761406250000000e+05
1.681665000000000000e+05
1.870091093750000000e+05
1.998059062500000000e+05
1.888943906250000000e+05
1.815962656250000000e+05
1.812630156250000000e+05
2.590286562500000000e+05
3.037797812500000000e+05
3.118910937500000000e+05
1.705988750000000000e+05
1.727801562500000000e+05
4.974158437500000000e+05
4.848068437500000000e+05
3.797387500000000000e+05
4.594700937500000000e+05
4.307545937500000000e+05
3.293322500000000000e+05
4.249585312500000000e+05
1.523940937500000000e+05
1.775969218750000000e+05
1.786000468750000000e+05
2.563365312500000000e+05
1.907250156250000000e+05
1.553701875000000000e+05
1.091008984375000000e+05
1.898731250000000000e+05
1.015852656250000000e+05
1.225018906250000000e+05
1.052185703125000000e+05
9.712307812500000000e+04
9.975578906250000000e+04
1.435852187500000000e+05
1.458601562500000000e+05
1.533510781250000000e+05
1.433086093750000000e+05
4.152933437500000000e+05
2.479570312500000000e+05
2.444666875000000000e+05
3.882471562500000000e+05
3.158629375000000000e+05
3.528344062500000000e+05
3.034812187500000000e+05
3.060969687500000000e+05
3.516479375000000000e+05
3.558256250000000000e+05
3.473618750000000000e+05
3.064053750000000000e+05
2.539902343750000000e+05
3.195649062500000000e+05
2.725154687500000000e+05
1.687155625000000000e+05
1.868814531250000000e+05
1.727613750000000000e+05
2.819635625000000000e+05
1.903597656250000000e+05
1.905235781250000000e+05
2.005655468750000000e+05
1.928523593750000000e+05
1.822421718750000000e+05
1.898575468750000000e+05
1.938676718750000000e+05
2.502392500000000000e+05
2.754302812500000000e+05
2.824119062500000000e+05
4.013121250000000000e+05
3.305906250000000000e+05
4.766351250000000000e+05
3.248918750000000000e+05
3.654590625000000000e+05
2.581822343750000000e+05
3.234990312500000000e+05
2.203583125000000000e+05
2.032675625000000000e+05
4.698967187500000000e+05
1.782740000000000000e+05
1.296002578125000000e+05
1.911595000000000000e+05
1.352111093750000000e+05
1.918070468750000000e+05
1.884665000000000000e+05
1.847431406250000000e+05
1.939163125000000000e+05
1.712079687500000000e+05
1.609104218750000000e+05
1.426882500000000000e+05
1.122736171875000000e+05
1.235299453125000000e+05
1.419220000000000000e+05
1.214212421875000000e+05
1.174794765625000000e+05
1.281620781250000000e+05
1.348358750000000000e+05
1.071230000000000000e+05
1.266433281250000000e+05
2.912352500000000000e+05
3.875299062500000000e+05
1.748852187500000000e+05
1.504531093750000000e+05
1.694101562500000000e+05
1.421479531250000000e+05
1.826517656250000000e+05
2.289409375000000000e+05
1.570318906250000000e+05
1.740848125000000000e+05
1.369367812500000000e+05
1.642178125000000000e+05
1.520867343750000000e+05
1.284628671875000000e+05
1.341070781250000000e+05
1.449182656250000000e+05
1.779105312500000000e+05
1.776768906250000000e+05
1.546461250000000000e+05
1.450963906250000000e+05
1.286340078125000000e+05
1.271617968750000000e+05
1.621440156250000000e+05
1.366080781250000000e+05
1.352599843750000000e+05
1.454437187500000000e+05
1.263700625000000000e+05
1.374255468750000000e+05
1.653327343750000000e+05
1.386432187500000000e+05
1.454603593750000000e+05
1.531422187500000000e+05
1.465537031250000000e+05
1.585667187500000000e+05
1.437718593750000000e+05
1.382371093750000000e+05
1.512391562500000000e+05
1.242461718750000000e+05
1.292357890625000000e+05
1.339313281250000000e+05
1.340958125000000000e+05
2.105195468750000000e+05
1.528050781250000000e+05
2.083717187500000000e+05
1.285835937500000000e+05
9.776914843750000000e+04
7.004277343750000000e+04
8.459490625000000000e+04
1.627826562500000000e+05
1.298715859375000000e+05
1.449500625000000000e+05
1.468721562500000000e+05
1.865120000000000000e+05
1.577508593750000000e+05
2.893270312500000000e+05
1.240544765625000000e+05
9.037470312500000000e+04
1.379038281250000000e+05
1.355683750000000000e+05
1.530616250000000000e+05
1.123811718750000000e+05
1.166030390625000000e+05
1.618044843750000000e+05
1.425641875000000000e+05
1.181703125000000000e+05
1.361323437500000000e+05
1.376493281250000000e+05
1.069662968750000000e+05
1.183303359375000000e+05
9.976083593750000000e+04
9.328453906250000000e+04
9.130957031250000000e+04
1.043112734375000000e+05
1.236024218750000000e+05
1.372090781250000000e+05
7.184700781250000000e+04
1.181445078125000000e+05
7.514900781250000000e+04
1.938778437500000000e+05
8.458610937500000000e+04
1.142504765625000000e+05
5.022989843750000000e+04
1.547471875000000000e+05
1.002432187500000000e+05
1.176786250000000000e+05
1.024316328125000000e+05
1.919887656250000000e+05
1.074336093750000000e+05
1.157503593750000000e+05
6.538043359375000000e+04
1.107463125000000000e+05
1.370120312500000000e+05
1.647283750000000000e+05
1.336280625000000000e+05
9.617105468750000000e+04
8.145656250000000000e+04
1.624241406250000000e+05
1.492637656250000000e+05
1.337593906250000000e+05
1.312470625000000000e+05
1.589214218750000000e+05
1.600066562500000000e+05
1.530441093750000000e+05
1.594381718750000000e+05
9.712808593750000000e+04
2.452686093750000000e+05
1.489489375000000000e+05
1.311901250000000000e+05
1.494492187500000000e+05
1.345740625000000000e+05
1.080347656250000000e+05
1.959160781250000000e+05
2.751270625000000000e+05
1.680645312500000000e+05
1.689092343750000000e+05
1.305406406250000000e+05
1.403991718750000000e+05
2.024142812500000000e+05
1.945800625000000000e+05
2.305071562500000000e+05
1.788982031250000000e+05
2.454066562500000000e+05
3.010416875000000000e+05
2.041959062500000000e+05
2.103417343750000000e+05
1.899709375000000000e+05
1.588224843750000000e+05
1.518852656250000000e+05
1.831515000000000000e+05
2.083601875000000000e+05
2.023695000000000000e+05
2.240569843750000000e+05
1.466690468750000000e+05
1.580907812500000000e+05
1.235348906250000000e+05
2.028926093750000000e+05
1.983981562500000000e+05
2.005185000000000000e+05
1.911945000000000000e+05
2.940708750000000000e+05
2.209751250000000000e+05
2.452999531250000000e+05
2.379869531250000000e+05
1.423484531250000000e+05
1.991319218750000000e+05
1.959029843750000000e+05
1.857931875000000000e+05
2.001207656250000000e+05
1.183783046875000000e+05
1.277240390625000000e+05
1.229419531250000000e+05
1.829395781250000000e+05
1.221978203125000000e+05
2.346288906250000000e+05
1.430469843750000000e+05
1.437577343750000000e+05
9.552252343750000000e+04
9.908336718750000000e+04
1.107646953125000000e+05
1.245344375000000000e+05
8.502560156250000000e+04
5.064018750000000000e+04
9.506493750000000000e+04
1.418570468750000000e+05
1.188055937500000000e+05
1.626544843750000000e+05
1.495192187500000000e+05
1.769939687500000000e+05
1.358925000000000000e+05
1.002132031250000000e+05
1.515245781250000000e+05
1.564617500000000000e+05
1.820632500000000000e+05
2.141670156250000000e+05
1.845538281250000000e+05
2.177223125000000000e+05
9.780150781250000000e+04
1.339455156250000000e+05
5.002371484375000000e+04
8.100384375000000000e+04
1.330216875000000000e+05
4.293984375000000000e+04
8.027900000000000000e+04
5.488975781250000000e+04
2.869328750000000000e+05
2.900790937500000000e+05
1.940119375000000000e+05
1.468341875000000000e+05
2.210499531250000000e+05
1.571953593750000000e+05
2.009277656250000000e+05
1.879771718750000000e+05
3.584068437500000000e+05
3.562215312500000000e+05
8.458248437500000000e+04
2.101420312500000000e+05
1.136141953125000000e+05
1.319970781250000000e+05
1.391530781250000000e+05
8.215324218750000000e+04
8.159916406250000000e+04
1.391849218750000000e+05
8.517785937500000000e+04
7.820281250000000000e+04
8.237927343750000000e+04
8.513035156250000000e+04
1.685158437500000000e+05
1.159002578125000000e+05
2.374154687500000000e+05
